MAR 31 2015	08 26 41 61 73 	11	FALSE		25991	75	15
MAR 27 2015	17 21 36 58 70 	3	FALSE		30229	75	15
MAR 24 2015	02 23 32 45 55 	12	TRUE		59046577	75	15
MAR 20 2015	07 50 54 61 75 	7	FALSE		35872	75	15
MAR 17 2015	11 27 44 45 58 	3	FALSE		44591	75	15
MAR 13 2015	08 22 30 42 45 	3	FALSE		32592	75	15
MAR 10 2015	10 14 19 30 73 	14	FALSE		25273	75	15
MAR 06 2015	30 48 55 68 73 	5	FALSE		26990	75	15
MAR 03 2015	09 11 42 44 50 	3	FALSE		40640	75	15
FEB 27 2015	07 49 53 60 64 	4	TRUE		127056087	75	15
FEB 24 2015	15 23 26 45 66 	4	FALSE		50536	75	15
FEB 20 2015	02 06 08 52 66 	13	FALSE		50780	75	15
FEB 17 2015	06 45 50 65 66 	1	FALSE		48048	75	15
FEB 13 2015	04 20 44 65 74 	14	FALSE		46335	75	15
FEB 10 2015	07 42 53 58 71 	15	FALSE		50855	75	15
FEB 06 2015	05 06 17 33 68 	13	FALSE		36489	75	15
FEB 03 2015	11 22 25 58 69 	13	FALSE		39247	75	15
JAN 30 2015	18 31 39 45 55 	6	FALSE		31173	75	15
JAN 27 2015	05 26 27 44 57 	7	FALSE		32747	75	15
JAN 23 2015	14 15 32 68 72 	8	FALSE		27481	75	15
JAN 20 2015	31 35 56 59 63 	6	FALSE		25882	75	15
JAN 16 2015	26 32 44 45 58 	11	TRUE		270097780	75	15
JAN 13 2015	12 20 25 50 51 	7	FALSE		98219	75	15
JAN 09 2015	37 49 50 56 57 	8	FALSE		83124	75	15
JAN 06 2015	12 20 27 38 75 	4	FALSE		80797	75	15
JAN 02 2015	13 15 35 62 74 	12	FALSE		65360	75	15
DEC 30 2014	03 07 44 63 67 	12	FALSE		66375	75	15
DEC 26 2014	02 05 10 20 38 	14	FALSE		69422	75	15
DEC 23 2014	04 10 31 56 66 	7	FALSE		77952	75	15
DEC 19 2014	14 18 58 59 68 	4	FALSE		51419	75	15
DEC 16 2014	41 58 68 72 73 	1	FALSE		51685	75	15
DEC 12 2014	02 31 46 58 65 	7	FALSE		50401	75	15
DEC 09 2014	27 45 49 51 52 	14	FALSE		43470	75	15
DEC 05 2014	04 05 11 51 59 	5	FALSE		44044	75	15
DEC 02 2014	13 18 22 49 62 	11	FALSE		42518	75	15
NOV 28 2014	08 26 29 36 47 	10	FALSE		37400	75	15
NOV 25 2014	10 11 29 47 56 	4	FALSE		34576	75	15
NOV 21 2014	03 12 35 37 63 	15	FALSE		30785	75	15
NOV 18 2014	37 39 53 68 75 	6	FALSE		26743	75	15
NOV 14 2014	03 49 61 62 68 	15	FALSE		31421	75	15
NOV 11 2014	23 25 28 30 75 	11	FALSE		29991	75	15
NOV 07 2014	31 35 41 65 66 	5	FALSE		31202	75	15
NOV 04 2014	09 15 24 39 41 	1	TRUE		321119124	75	15
OCT 31 2014	11 29 36 58 67 	15	FALSE		98655	75	15
OCT 28 2014	03 50 57 58 60 	11	FALSE		93124	75	15
OCT 24 2014	02 14 21 28 55 	3	FALSE		85922	75	15
OCT 21 2014	05 35 37 41 66 	11	FALSE		75863	75	15
OCT 17 2014	21 31 43 56 60 	12	FALSE		57002	75	15
OCT 14 2014	11 37 46 64 68 	15	FALSE		1052060	75	15
OCT 10 2014	02 32 35 50 59 	3	FALSE		51696	75	15
OCT 07 2014	16 29 46 48 55 	2	FALSE		52342	75	15
OCT 03 2014	03 20 34 58 67 	6	FALSE		47855	75	15
SEP 30 2014	03 16 52 54 61 	6	FALSE		1049385	75	15
SEP 26 2014	17 26 35 46 62 	9	FALSE		54108	75	15
SEP 23 2014	21 24 25 40 43 	12	FALSE		40753	75	15
SEP 19 2014	16 25 27 29 34 	2	FALSE		38226	75	15
SEP 16 2014	25 45 51 53 73 	2	FALSE		30767	75	15
SEP 12 2014	18 28 33 36 42 	7	FALSE		41924	75	15
SEP 09 2014	25 34 55 70 71 	1	FALSE		27753	75	15
SEP 05 2014	07 12 20 24 59 	7	FALSE		35756	75	15
SEP 02 2014	01 08 54 69 72 	1	FALSE		24799	75	15
AUG 29 2014	03 26 45 58 73 	12	FALSE		26550	75	15
AUG 26 2014	29 31 51 60 64 	1	FALSE		23894	75	15
AUG 22 2014	05 31 34 41 74 	3	TRUE		180078263	75	15
AUG 19 2014	22 39 56 67 71 	15	FALSE		59496	75	15
AUG 15 2014	16 19 28 29 68 	9	FALSE		58467	75	15
AUG 12 2014	32 53 60 63 68 	6	FALSE		54780	75	15
AUG 08 2014	09 16 61 70 75 	7	FALSE		47505	75	15
AUG 05 2014	25 28 36 45 53 	6	FALSE		44755	75	15
AUG 01 2014	13 29 34 37 72 	6	FALSE		39410	75	15
JUL 29 2014	02 08 16 43 74 	1	FALSE		38007	75	15
JUL 25 2014	22 29 33 41 68 	12	FALSE		32740	75	15
JUL 22 2014	14 18 22 31 47 	15	FALSE		35585	75	15
JUL 18 2014	05 08 59 65 72 	3	FALSE		29446	75	15
JUL 15 2014	02 04 17 36 40 	5	FALSE		36182	75	15
JUL 11 2014	09 13 30 35 69 	10	FALSE		26797	75	15
JUL 08 2014	14 25 27 48 49 	9	FALSE		38844	75	15
JUL 04 2014	16 33 39 58 69 	2	FALSE		28930	75	15
JUL 01 2014	09 22 38 47 49 	15	FALSE		27577	75	15
JUN 27 2014	15 29 31 46 64 	10	TRUE		33027187	75	15
JUN 24 2014	13 17 24 47 65 	10	FALSE		29708	75	15
JUN 20 2014	01 22 25 29 56 	3	FALSE		27557	75	15
JUN 17 2014	10 14 24 47 60 	3	FALSE		27749	75	15
JUN 13 2014	07 38 46 49 56 	1	TRUE		66045343	75	15
JUN 10 2014	02 10 24 26 74 	7	FALSE		40953	75	15
JUN 06 2014	12 29 37 49 72 	9	FALSE		40589	75	15
JUN 03 2014	19 28 62 66 74 	6	FALSE		30265	75	15
MAY 30 2014	10 13 42 43 62 	2	FALSE		28411	75	15
MAY 27 2014	01 06 10 46 58 	13	FALSE		27920	75	15
MAY 23 2014	12 14 21 38 70 	15	FALSE		31726	75	15
MAY 20 2014	10 40 63 64 69 	7	TRUE		149063615	75	15
MAY 16 2014	13 14 16 50 56 	11	FALSE		51888	75	15
MAY 13 2014	37 46 48 70 74 	1	FALSE		49908	75	15
MAY 09 2014	10 28 39 51 59 	14	FALSE		46349	75	15
MAY 06 2014	18 20 27 48 51 	5	FALSE		56128	75	15
MAY 02 2014	01 18 26 35 40 	13	FALSE		50622	75	15
APR 29 2014	07 43 59 61 66 	3	FALSE		47814	75	15
APR 25 2014	03 11 18 20 66 	9	FALSE		45452	75	15
APR 22 2014	02 18 19 49 50 	1	FALSE		33923	75	15
APR 18 2014	18 25 38 45 63 	9	FALSE		35112	75	15
APR 15 2014	04 39 46 47 70 	13	FALSE		33221	75	15
APR 11 2014	03 42 44 47 57 	8	FALSE		30879	75	15
APR 08 2014	35 36 41 60 71 	3	FALSE		34641	75	15
APR 04 2014	01 10 15 41 54 	9	TRUE		30033866	75	15
APR 01 2014	10 23 68 74 75 	9	FALSE		29961	75	15
MAR 28 2014	02 03 09 50 73 	12	FALSE		33725	75	15
MAR 25 2014	19 26 51 57 73 	15	TRUE		20031021	75	15
MAR 21 2014	02 23 30 35 53 	10	FALSE		33676	75	15
MAR 18 2014	11 19 24 33 51 	7	TRUE		400252630	75	15
MAR 14 2014	07 20 40 54 69 	12	FALSE		129627	75	15
MAR 11 2014	09 14 56 57 69 	10	FALSE		1122347	75	15
MAR 07 2014	11 13 51 57 69 	1	FALSE		84856	75	15
MAR 04 2014	10 29 31 35 45 	10	FALSE		90264	75	15
FEB 28 2014	03 31 50 58 59 	6	FALSE		72201	75	15
FEB 25 2014	12 18 25 35 66 	15	FALSE		67944	75	15
FEB 21 2014	23 29 32 45 46 	15	FALSE		64704	75	15
FEB 18 2014	23 29 31 37 70 	14	FALSE		60387	75	15
FEB 14 2014	20 28 35 71 72 	7	FALSE		50290	75	15
FEB 11 2014	43 64 67 71 73 	4	FALSE		46389	75	15
FEB 07 2014	11 21 23 35 64 	10	FALSE		42769	75	15
FEB 04 2014	25 44 49 60 73 	9	FALSE		40919	75	15
JAN 31 2014	03 09 13 47 52 	8	FALSE		43294	75	15
JAN 28 2014	07 16 28 53 60 	2	FALSE		34634	75	15
JAN 24 2014	22 45 46 47 65 	10	FALSE		34720	75	15
JAN 21 2014	08 23 33 45 52 	4	FALSE		34755	75	15
JAN 17 2014	01 10 26 31 51 	11	FALSE		33604	75	15
JAN 14 2014	04 23 26 62 69 	13	FALSE		31016	75	15
JAN 10 2014	08 28 36 37 57 	8	FALSE		30773	75	15
JAN 07 2014	13 34 56 62 64 	6	FALSE		32439	75	15
JAN 03 2014	22 24 25 40 70 	5	TRUE		61037675	75	15
DEC 31 2013	08 12 34 52 58	8	FALSE	1041214 	75	15
DEC 27 2013	04 15 35 48 49	11	FALSE	31334 	75	15
DEC 24 2013	23 34 53 58 73 	2	FALSE		36739	75	15
DEC 20 2013	03 04 31 49 57	6	FALSE	31525 	75	15
DEC 17 2013	08 14 17 20 39 	7	TRUE		636835140	75	15
DEC 13 2013	19 24 26 27 70 	12	FALSE		337190	75	15
DEC 10 2013	05 12 22 41 65 	13	FALSE		153441	75	15
DEC 06 2013	11 29 44 63 64 	3	FALSE		1105682	75	15
DEC 03 2013	07 12 41 44 59	3	FALSE	100141 	75	15
NOV 29 2013	09 41 43 47 57	5	FALSE	74012 	75	15
NOV 26 2013	27 44 59 74 75 	3	FALSE		74675	75	15
NOV 22 2013	17 23 35 36 44 	8	FALSE		58646	75	15
NOV 19 2013	14 15 29 49 63	2	FALSE	50284 	75	15
NOV 15 2013	25 44 49 54 63 	8	FALSE		48094	75	15
NOV 12 2013	20 30 32 42 71 	15	FALSE		51596	75	15
NOV 08 2013	41 42 51 57 65 	7	FALSE		45268	75	15
NOV 05 2013	02 11 42 64 74 	2	FALSE		42497	75	15
NOV 01 2013	32 35 49 62 67	1	FALSE	35537 	75	15
OCT 29 2013	20 33 50 53 54	7	FALSE	37451 	75	15
OCT 25 2013	06 16 45 54 60	15	FALSE	33508 	75	15
OCT 22 2013	02 03 19 52 71 	14	FALSE		31979	75	15
OCT 18 2013	05 20 45 48 56	1	FALSE	26580 	56	46
OCT 15 2013	04 23 30 43 50 	11	FALSE		38745	75	15
OCT 11 2013	03 27 37 45 48	46	FALSE	24712 	56	46
OCT 08 2013	06 15 19 23 40 	5	FALSE		27840	75	15
OCT 04 2013	04 16 24 25 44	5	FALSE	25843 	56	46
OCT 01 2013	07 10 30 37 53 	1	TRUE		189054750	75	15
SEP 27 2013	09 23 27 49 51	38	FALSE	73770 	56	46
SEP 24 2013	04 11 32 39 40 	33	FALSE		50550	75	15
SEP 20 2013	01 15 20 21 47	34	FALSE	302159 	56	46
SEP 17 2013	06 15 27 31 39 	25	FALSE		49213	75	15
SEP 13 2013	09 22 28 48 54 	8	FALSE		76235	75	15
SEP 10 2013	02 12 18 54 56	1	FALSE	49934 	56	46
SEP 06 2013	02 16 17 22 41 	31	FALSE		57930	75	15
SEP 03 2013	04 13 14 28 41 	28	FALSE		39342	75	15
AUG 30 2013	06 19 24 43 44 	33	FALSE		35210	75	15
AUG 27 2013	04 07 30 36 38 	38	FALSE		42652	75	15
AUG 23 2013	01 09 17 20 53	14	FALSE	42549 	56	46
AUG 20 2013	13 28 35 38 41	33	FALSE	40359 	56	46
AUG 16 2013	07 13 26 36 46 	37	FALSE		29349	75	15
AUG 13 2013	02 31 32 37 41	40	FALSE	25951 	56	46
AUG 09 2013	11 20 30 34 38	12	FALSE	43074 	56	46
AUG 06 2013	01 11 16 51 55	41	FALSE	27819 	56	46
AUG 02 2013	08 21 23 25 39 	4	FALSE		27271	75	15
JUL 30 2013	25 27 36 42 44	39	FALSE	22787 	56	46
JUL 26 2013	04 22 23 27 38 	42	TRUE		19024396	75	15
JUL 23 2013	25 32 35 50 51 	46	FALSE		21921	75	15
JUL 19 2013	16 20 24 39 42 	46	FALSE		22987	75	15
JUL 16 2013	10 14 21 40 53 	20	TRUE		20025417	75	15
JUL 12 2013	04 05 25 27 51	10	FALSE	25556 	56	46
JUL 09 2013	03 21 43 45 48 	14	FALSE		22626	75	15
JUL 05 2013	02 23 41 47 54 	42	TRUE		79042092	75	15
JUL 02 2013	36 42 51 52 53 	40	FALSE		31343	75	15
JUN 28 2013	08 15 35 46 52	38	FALSE	30421 	56	46
JUN 25 2013	03 05 28 33 51	16	FALSE	41672 	56	46
JUN 21 2013	03 14 17 40 50 	3	FALSE		38876	75	15
JUN 18 2013	06 17 34 40 48	30	FALSE	29725 	56	46
JUN 14 2013	02 05 31 33 34 	20	FALSE		26380	75	15
JUN 11 2013	15 40 45 50 53	28	FALSE	25985 	56	46
JUN 07 2013	01 10 37 48 55 	21	FALSE		275075	75	15
JUN 04 2013	10 11 12 20 55	19	FALSE	29030 	56	46
MAY 31 2013	02 20 26 44 46	26	TRUE	30031200 	56	46
MAY 28 2013	04 12 25 32 54	36	FALSE	28434 	56	46
MAY 24 2013	04 05 16 18 53	28	FALSE	28058 	56	46
MAY 21 2013	02 15 17 48 55	11	FALSE	40903 	56	46
MAY 17 2013	11 15 35 43 49	41	TRUE	190348810 	56	46
MAY 14 2013	06 10 12 28 32 	38	FALSE		68334	75	15
MAY 10 2013	01 19 20 39 49	28	FALSE	319687 	56	46
MAY 07 2013	01 06 13 20 51 	31	FALSE		75900	75	15
MAY 03 2013	02 20 34 42 54	39	FALSE	57237 	56	46
APR 30 2013	21 30 34 39 49	43	FALSE	66825 	56	46
APR 26 2013	17 42 49 54 55 	31	FALSE		42854	75	15
APR 23 2013	09 21 22 32 50	10	FALSE	52999 	56	46
APR 19 2013	06 08 12 22 43	28	FALSE	57790 	56	46
APR 16 2013	02 05 15 18 39 	42	FALSE		39157	75	15
APR 12 2013	01 10 13 19 21 	28	FALSE		42550	75	15
APR 09 2013	17 30 41 48 54 	13	FALSE		38849	75	15
APR 05 2013	08 15 23 36 41	5	FALSE	37340 	56	46
APR 02 2013	07 10 14 40 47 	34	FALSE		32039	75	15
MAR 29 2013	25 31 36 46 53 	21	FALSE		52886	75	15
MAR 26 2013	20 33 46 49 51	46	FALSE	29005 	56	46
MAR 22 2013	14 27 34 37 41 	38	FALSE		27554	75	15
MAR 19 2013	03 06 14 21 37	35	FALSE	37456 	56	46
MAR 15 2013	04 08 17 22 32 	8	FALSE		29846	75	15
MAR 12 2013	09 12 19 20 30 	39	TRUE		41052311	75	15
MAR 08 2013	04 11 25 34 35 	44	FALSE		30132	75	15
MAR 05 2013	06 20 39 41 46 	42	FALSE		27246	75	15
MAR 01 2013	17 30 38 43 51	20	FALSE	27293 	56	46
FEB 26 2013	06 07 13 15 43	7	FALSE	30833 	56	46
FEB 22 2013	09 13 24 38 49	30	FALSE	23146 	56	46
FEB 19 2013	01 15 19 30 56 	28	TRUE		26027630	75	15
FEB 15 2013	11 35 41 42 44	42	FALSE	25645 	56	46
FEB 12 2013	09 22 32 38 55	44	FALSE	25257 	56	46
FEB 08 2013	06 15 20 39 50 	5	FALSE		26566	75	15
FEB 05 2013	02 05 10 26 44 	46	TRUE		19029922	75	15
FEB 01 2013	01 30 32 40 41	17	FALSE	23882 	56	46
JAN 29 2013	08 12 27 46 47	6	FALSE	25672 	56	46
JAN 25 2013	11 12 17 31 48	1	TRUE	89038459 	56	46
JAN 22 2013	07 11 16 39 54 	13	FALSE		50916	75	15
JAN 18 2013	08 18 25 42 49 	14	FALSE		31659	75	15
JAN 15 2013	01 06 12 19 41	14	FALSE	35282 	56	46
JAN 11 2013	24 29 30 34 56 	1	FALSE		28357	75	15
JAN 08 2013	03 20 21 38 42 	19	FALSE		31355	75	15
JAN 04 2013	01 02 23 25 55	39	FALSE	29619 	56	46
JAN 01 2013	04 11 21 25 44 	29	FALSE		530262	75	15
DEC 28 2012	10 13 32 40 41	32	FALSE	24834 	56	46
DEC 25 2012	02 03 18 34 48	36	FALSE	38309 	56	46
DEC 21 2012	03 18 32 41 56	19	FALSE	25469 	56	46
DEC 18 2012	01 06 07 18 29	16	FALSE	26706 	56	46
DEC 14 2012	11 28 33 41 43	41	TRUE	35027514 	56	46
DEC 11 2012	39 44 51 52 54	13	FALSE	48350 	56	46
DEC 07 2012	07 43 44 51 56	4	FALSE	24470 	56	46
DEC 04 2012	03 19 24 32 43	44	FALSE	35458 	56	46
NOV 30 2012	11 22 24 28 31	46	FALSE	36291 	56	46
NOV 27 2012	05 12 26 42 49	24	TRUE	49065364 	56	46
NOV 23 2012	08 37 44 47 48	27	FALSE	30142 	56	46
NOV 20 2012	09 13 22 38 52	44	FALSE	28808 	56	46
NOV 16 2012	05 24 26 29 53	36	FALSE	29833 	56	46
NOV 13 2012	06 12 31 46 56	34	FALSE	44748 	56	46
NOV 09 2012	18 22 33 35 40	11	FALSE	26870 	56	46
NOV 06 2012	03 05 13 32 35	6	FALSE	36630 	56	46
NOV 02 2012	04 18 22 38 44	24	TRUE	32029055 	56	46
OCT 30 2012	05 12 18 29 56	38	FALSE	27769 	56	46
OCT 26 2012	04 15 24 36 40	44	FALSE	27630 	56	46
OCT 23 2012	01 17 42 46 55	1	FALSE	23067 	56	46
OCT 19 2012	14 34 36 48 53	42	FALSE	29509 	56	46
OCT 16 2012	13 37 40 46 52	29	TRUE	61046011 	56	46
OCT 12 2012	06 10 24 26 42	15	FALSE	34728 	56	46
OCT 09 2012	06 15 16 22 37	3	FALSE	55549 	56	46
OCT 05 2012	08 09 16 32 39	15	FALSE	282383 	56	46
OCT 02 2012	10 11 20 42 55	9	FALSE	30479 	56	46
SEP 28 2012	06 08 14 43 56	28	FALSE	29012 	56	46
SEP 25 2012	07 08 23 50 51	26	FALSE	27559 	56	46
SEP 21 2012	03 13 14 46 55	34	FALSE	33084 	56	46
SEP 18 2012	05 09 22 36 49	36	TRUE	15029776 	56	46
SEP 14 2012	16 17 21 40 51	20	FALSE	37618 	56	46
SEP 11 2012	05 11 20 33 36	11	TRUE	120092810 	56	46
SEP 07 2012	15 32 38 42 46	31	FALSE	57330 	56	46
SEP 04 2012	16 32 39 41 53	16	FALSE	53086 	56	46
AUG 31 2012	31 40 41 47 48	45	FALSE	48773 	56	46
AUG 28 2012	04 09 40 45 50	39	FALSE	37324 	56	46
AUG 24 2012	25 34 45 46 49	34	FALSE	45721 	56	46
AUG 21 2012	05 13 20 23 33	30	FALSE	48732 	56	46
AUG 17 2012	08 20 24 35 56	24	FALSE	36171 	56	46
AUG 14 2012	15 23 34 39 55	32	FALSE	40184 	56	46
AUG 10 2012	10 18 36 38 44	8	FALSE	31160 	56	46
AUG 07 2012	30 32 33 42 48	7	FALSE	29352 	56	46
AUG 03 2012	02 10 13 38 46	2	FALSE	27982 	56	46
JUL 31 2012	05 18 21 29 41	37	FALSE	25853 	56	46
JUL 27 2012	02 03 04 08 43	26	TRUE	52050367 	56	46
JUL 24 2012	05 09 38 46 51	5	FALSE	32967 	56	46
JUL 20 2012	02 44 48 50 52	3	FALSE	31002 	56	46
JUL 17 2012	01 13 21 49 55	17	FALSE	51006 	56	46
JUL 13 2012	06 07 13 24 46	34	FALSE	31537 	56	46
JUL 10 2012	03 11 19 23 36	21	FALSE	30461 	56	46
JUL 06 2012	20 23 28 35 39	21	FALSE	23959 	56	46
JUL 03 2012	03 04 24 36 52	45	TRUE	86055819 	56	46
JUN 29 2012	28 34 39 45 53	34	FALSE	35787 	56	46
JUN 26 2012	03 16 23 35 36	20	FALSE	289781 	56	46
JUN 22 2012	10 16 19 32 36	13	FALSE	37999 	56	46
JUN 19 2012	11 21 27 30 53	11	FALSE	46613 	56	46
JUN 15 2012	08 12 18 30 40	4	FALSE	43957 	56	46
JUN 12 2012	02 09 17 34 50	45	FALSE	39180 	56	46
JUN 08 2012	04 09 34 40 48	25	FALSE	39534 	56	46
JUN 05 2012	37 39 42 53 55	22	FALSE	36886 	56	46
JUN 01 2012	02 27 38 46 52	45	FALSE	36196 	56	46
MAY 29 2012	02 14 29 53 55	31	TRUE	32027339 	56	46
MAY 25 2012	09 15 21 40 54	11	FALSE	33195 	56	46
MAY 22 2012	10 14 35 43 52	16	FALSE	26223 	56	46
MAY 18 2012	03 11 22 34 49	1	FALSE	28085 	56	46
MAY 15 2012	10 11 12 14 24	6	TRUE	25044875 	56	46
MAY 11 2012	03 15 29 35 54	8	FALSE	41239 	56	46
MAY 08 2012	02 06 08 18 51	19	FALSE	54546 	56	46
MAY 04 2012	04 11 21 42 53	38	TRUE	118311874 	56	46
MAY 01 2012	24 27 31 45 52	38	FALSE	71091 	56	46
APR 27 2012	02 05 45 46 47	37	FALSE	61222 	56	46
APR 24 2012	03 09 15 37 38	39	FALSE	36520 	56	46
APR 20 2012	14 23 26 33 35	40	FALSE	40266 	56	46
APR 17 2012	01 16 24 32 48	2	FALSE	47772 	56	46
APR 13 2012	09 14 17 36 42	33	FALSE	49360 	56	46
APR 10 2012	02 06 12 31 48	25	FALSE	50461 	56	46
APR 06 2012	02 19 20 24 33	39	FALSE	33548 	56	46
APR 03 2012	11 35 38 41 52	40	FALSE	32338 	56	46
MAR 30 2012	02 04 23 38 46	23	TRUE	642687147 	56	46
MAR 27 2012	09 19 34 44 51	24	FALSE	1106797 	56	46
MAR 23 2012	06 17 19 20 21	20	FALSE	377547 	56	46
MAR 20 2012	01 04 06 11 14	30	FALSE	130346 	56	46
MAR 16 2012	28 29 43 51 53	7	FALSE	94963 	56	46
MAR 13 2012	02 08 30 36 48	31	FALSE	71677 	56	46
MAR 09 2012	09 10 27 36 42	11	FALSE	69693 	56	46
MAR 06 2012	20 24 31 33 36	44	FALSE	314453 	56	46
MAR 02 2012	16 29 48 52 54	5	FALSE	55358 	56	46
FEB 28 2012	06 15 29 39 51	36	FALSE	58987 	56	46
FEB 24 2012	01 16 18 25 27	3	FALSE	55615 	56	46
FEB 21 2012	09 30 39 42 47	37	FALSE	42046 	56	46
FEB 17 2012	16 25 28 32 40	3	FALSE	41807 	56	46
FEB 14 2012	03 05 10 26 27	27	FALSE	60642 	56	46
FEB 10 2012	03 04 18 29 50	20	FALSE	39904 	56	46
FEB 07 2012	17 23 30 37 45	4	FALSE	284367 	56	46
FEB 03 2012	07 19 21 49 53	35	FALSE	31359 	56	46
JAN 31 2012	09 17 18 28 43	9	FALSE	31644 	56	46
JAN 27 2012	03 05 30 36 48	23	FALSE	27790 	56	46
JAN 24 2012	10 22 24 36 49	33	TRUE	71049448 	56	46
JAN 20 2012	01 09 28 38 47	8	FALSE	27561 	56	46
JAN 17 2012	03 15 31 36 53	27	FALSE	46995 	56	46
JAN 13 2012	10 27 28 37 51	19	FALSE	49178 	56	46
JAN 10 2012	04 10 16 38 48	34	FALSE	42773 	56	46
JAN 06 2012	09 17 28 34 48	46	FALSE	31444 	56	46
JAN 03 2012	02 03 15 22 36	23	FALSE	34532 	56	46
DEC 30 2011	04 24 45 46 52	1	FALSE	31826 	56	46
DEC 27 2011	23 32 33 39 43	8	TRUE	206112761 	56	46
DEC 23 2011	03 05 08 18 29	14	FALSE	339756 	56	46
DEC 20 2011	20 24 27 45 51	31	FALSE	79560 	56	46
DEC 16 2011	02 04 26 36 39	27	FALSE	64391 	56	46
DEC 13 2011	05 06 22 26 41	6	FALSE	80376 	56	46
DEC 09 2011	04 12 29 49 51	44	FALSE	64961 	56	46
DEC 06 2011	07 21 29 35 49	39	FALSE	69855 	56	46
DEC 02 2011	24 30 48 51 56	45	FALSE	292439 	56	46
NOV 29 2011	17 29 43 48 52	36	FALSE	54412 	56	46
NOV 25 2011	22 28 42 49 54	43	FALSE	41732 	56	46
NOV 22 2011	04 16 23 33 48	38	FALSE	46110 	56	46
NOV 18 2011	04 13 33 39 55	3	FALSE	282505 	56	46
NOV 15 2011	03 06 24 30 33	21	FALSE	35876 	56	46
NOV 11 2011	02 16 22 29 50	27	FALSE	37915 	56	46
NOV 08 2011	05 31 45 47 54	4	FALSE	35097 	56	46
NOV 04 2011	26 30 32 33 44	1	FALSE	46477 	56	46
NOV 01 2011	27 31 39 40 46	36	TRUE	78061959 	56	46
OCT 28 2011	13 31 49 52 56	41	FALSE	293639 	56	46
OCT 25 2011	13 33 40 44 46	8	FALSE	40859 	56	46
OCT 21 2011	06 21 35 37 38	17	FALSE	44419 	56	46
OCT 18 2011	24 25 45 47 53	42	FALSE	47224 	56	46
OCT 14 2011	13 35 42 45 54	26	FALSE	49035 	56	46
OCT 11 2011	25 34 38 44 56	27	FALSE	44058 	56	46
OCT 07 2011	05 15 19 23 38	19	FALSE	66347 	56	46
OCT 04 2011	03 26 40 45 52	11	FALSE	37495 	56	46
SEP 30 2011	03 19 21 44 45	29	TRUE	113055902 	56	46
SEP 27 2011	02 20 28 36 45	37	FALSE	58849 	56	46
SEP 23 2011	21 27 32 40 52	36	FALSE	45528 	56	46
SEP 20 2011	06 29 38 50 51	39	FALSE	50097 	56	46
SEP 16 2011	06 23 41 45 56	24	FALSE	40321 	56	46
SEP 13 2011	22 31 43 48 56	45	FALSE	287129 	56	46
SEP 09 2011	07 12 19 23 31	45	FALSE	39279 	56	46
SEP 06 2011	01 36 38 42 49	19	FALSE	32588 	56	46
SEP 02 2011	25 44 48 49 55	20	FALSE	49659 	56	46
AUG 30 2011	02 22 25 28 50	18	FALSE	32374 	56	46
AUG 26 2011	02 03 27 30 47	36	FALSE	28224 	56	46
AUG 23 2011	11 21 44 48 49	23	FALSE	26471 	56	46
AUG 19 2011	05 15 53 54 56	22	TRUE	32044293 	56	46
AUG 16 2011	04 38 41 42 43	44	FALSE	533817 	56	46
AUG 12 2011	09 43 51 54 55	13	FALSE	28251 	56	46
AUG 09 2011	11 19 39 45 54	15	FALSE	50103 	56	46
AUG 05 2011	06 24 28 33 42	19	TRUE	99064643 	56	46
AUG 02 2011	14 17 19 20 32	28	FALSE	51362 	56	46
JUL 29 2011	08 10 22 47 48	35	FALSE	41384 	56	46
JUL 26 2011	20 25 35 52 55	10	FALSE	40532 	56	46
JUL 22 2011	23 31 32 39 56	38	FALSE	36619 	56	46
JUL 19 2011	02 09 10 16 35	40	FALSE	50269 	56	46
JUL 15 2011	16 29 30 46 56	6	FALSE	53400 	56	46
JUL 12 2011	03 09 11 44 49	9	FALSE	37623 	56	46
JUL 08 2011	01 02 22 37 50	45	FALSE	28030 	56	46
JUL 05 2011	01 10 13 18 46	19	FALSE	31722 	56	46
JUL 01 2011	12 17 30 35 47	26	TRUE	105310937 	56	46
JUN 28 2011	12 17 27 47 48	33	FALSE	50090 	56	46
JUN 24 2011	10 14 40 49 51	4	FALSE	296418 	56	46
JUN 21 2011	11 24 25 31 46	17	FALSE	297586 	56	46
JUN 17 2011	12 29 46 47 51	24	FALSE	41901 	56	46
JUN 14 2011	09 10 20 51 53	24	FALSE	39739 	56	46
JUN 10 2011	18 21 27 37 38	7	FALSE	40873 	56	46
JUN 07 2011	29 32 35 47 52	13	FALSE	35085 	56	46
JUN 03 2011	20 23 41 49 53	31	FALSE	49881 	56	46
MAY 31 2011	28 30 31 37 55	13	FALSE	39354 	56	46
MAY 27 2011	05 07 14 28 56	10	TRUE	35040622 	56	46
MAY 24 2011	09 12 21 42 43	42	FALSE	54804 	56	46
MAY 20 2011	10 17 19 45 48	30	FALSE	42021 	56	46
MAY 17 2011	01 02 17 25 48	45	FALSE	42067 	56	46
MAY 13 2011	03 33 39 47 53	9	TRUE	27038891 	56	46
MAY 10 2011	11 16 34 40 51	34	FALSE	33869 	56	46
MAY 06 2011	06 18 26 37 41	9	FALSE	44790 	56	46
MAY 03 2011	01 16 29 36 50	16	TRUE	51305038 	56	46
APR 29 2011	09 10 11 33 51	29	FALSE	47211 	56	46
APR 26 2011	19 29 32 38 55	15	FALSE	49133 	56	46
APR 22 2011	03 18 46 51 53	17	FALSE	35300 	56	46
APR 19 2011	20 24 32 45 51	43	FALSE	32342 	56	46
APR 15 2011	22 23 33 39 48	29	TRUE	72054575 	56	46
APR 12 2011	10 23 39 41 45	15	FALSE	47292 	56	46
APR 08 2011	06 40 45 50 56	11	FALSE	55721 	56	46
APR 05 2011	01 19 20 31 36	9	FALSE	43939 	56	46
APR 01 2011	13 14 35 36 53	19	FALSE	46002 	56	46
MAR 29 2011	06 15 23 34 38	43	FALSE	44599 	56	46
MAR 25 2011	22 24 31 52 54	4	TRUE	312773057 	56	46
MAR 22 2011	01 14 35 50 53	43	FALSE	122474 	56	46
MAR 18 2011	14 33 34 54 56	37	FALSE	112490 	56	46
MAR 15 2011	10 11 12 28 43	45	FALSE	81643 	56	46
MAR 11 2011	14 19 21 42 45	6	FALSE	73347 	56	46
MAR 08 2011	03 17 19 41 55	24	FALSE	338620 	56	46
MAR 04 2011	08 10 15 23 41	7	FALSE	71509 	56	46
MAR 01 2011	01 12 19 20 47	25	FALSE	79757 	56	46
FEB 25 2011	04 05 17 19 50	7	FALSE	64571 	56	46
FEB 22 2011	15 22 23 48 55	31	FALSE	54891 	56	46
FEB 18 2011	05 06 07 30 45	42	FALSE	43579 	56	46
FEB 15 2011	17 18 24 35 39	18	FALSE	53744 	56	46
FEB 11 2011	08 09 17 32 34	13	FALSE	43977 	56	46
FEB 08 2011	25 35 36 47 48	18	FALSE	46191 	56	46
FEB 04 2011	06 20 29 48 55	6	FALSE	36596 	56	46
FEB 01 2011	16 22 23 26 35	31	TRUE	91071222 	56	46
JAN 28 2011	14 33 48 49 50	18	FALSE	62863 	56	46
JAN 25 2011	05 08 31 46 50	4	FALSE	61060 	56	46
JAN 21 2011	05 09 21 35 38	20	FALSE	296678 	56	46
JAN 18 2011	04 27 29 38 45	5	FALSE	40860 	56	46
JAN 14 2011	02 15 17 33 35	8	FALSE	48768 	56	46
JAN 11 2011	01 04 11 16 45	37	FALSE	49346 	56	46
JAN 07 2011	04 22 42 46 53	20	FALSE	283689 	56	46
JAN 04 2011	04 08 15 25 47	42	TRUE	380484041 	56	46
DEC 31 2010	10 12 13 35 56	9	FALSE	258244 	56	46
DEC 28 2010	06 18 36 40 49	7	FALSE	108565 	56	46
DEC 24 2010	15 16 27 40 52	16	FALSE	118578 	56	46
DEC 21 2010	08 11 12 31 32	29	FALSE	93765 	56	46
DEC 17 2010	11 20 26 46 53	12	FALSE	327956 	56	46
DEC 14 2010	18 22 25 31 38	29	FALSE	63850 	56	46
DEC 10 2010	23 27 33 44 46	36	FALSE	63921 	56	46
DEC 07 2010	04 38 45 53 54	9	FALSE	50017 	56	46
DEC 03 2010	06 11 12 18 56	12	FALSE	46217 	56	46
NOV 30 2010	11 16 19 47 53	2	FALSE	38554 	56	46
NOV 26 2010	05 09 34 43 47	8	FALSE	44345 	56	46
NOV 23 2010	02 06 12 34 35	33	FALSE	29936 	56	46
NOV 19 2010	07 14 31 51 54	35	FALSE	30997 	56	46
NOV 16 2010	01 26 27 39 46	21	FALSE	29567 	56	46
NOV 12 2010	09 26 28 35 38	10	FALSE	43061 	56	46
NOV 09 2010	08 26 28 33 53	11	TRUE	25033334 	56	46
NOV 05 2010	19 25 34 46 53	15	FALSE	30730 	56	46
NOV 02 2010	01 03 12 16 54	46	FALSE	32347 	56	46
OCT 29 2010	04 19 26 28 39	14	TRUE	140076436 	56	46
OCT 26 2010	15 21 30 31 32	26	FALSE	311648 	56	46
OCT 22 2010	02 07 18 32 53	18	FALSE	60717 	56	46
OCT 19 2010	02 09 14 37 42	41	FALSE	77980 	56	46
OCT 15 2010	09 10 13 31 50	10	FALSE	315255 	56	46
OCT 12 2010	10 31 36 37 43	15	FALSE	44469 	56	46
OCT 08 2010	24 29 37 48 50	19	FALSE	52170 	56	46
OCT 05 2010	10 19 24 37 44	27	FALSE	49027 	56	46
OCT 01 2010	03 08 21 28 52	43	FALSE	35620 	56	46
SEP 28 2010	02 10 13 36 38	18	FALSE	44456 	56	46
SEP 24 2010	02 28 38 42 55	25	FALSE	61904 	56	46
SEP 21 2010	03 20 43 47 52	26	FALSE	29966 	56	46
SEP 17 2010	03 04 14 18 27	13	TRUE	54058053 	56	46
SEP 14 2010	06 14 50 55 56	1	FALSE	36900 	56	46
SEP 10 2010	11 12 17 21 23	20	FALSE	44430 	56	46
SEP 07 2010	08 18 22 24 38	23	FALSE	32860 	56	46
SEP 03 2010	10 13 20 28 36	9	FALSE	35317 	56	46
AUG 31 2010	10 20 29 47 48	38	FALSE	32096 	56	46
AUG 27 2010	04 10 26 32 41	31	TRUE	133318767 	56	46
AUG 24 2010	04 23 24 28 32	31	FALSE	94562 	56	46
AUG 20 2010	04 13 20 29 48	36	FALSE	321098 	56	46
AUG 17 2010	11 19 40 43 44	33	FALSE	100425 	56	46
AUG 13 2010	06 17 24 43 55	36	FALSE	57692 	56	46
AUG 10 2010	02 14 26 50 56	12	FALSE	43044 	56	46
AUG 06 2010	07 13 30 33 54	30	FALSE	41385 	56	46
AUG 03 2010	04 13 20 22 56	32	FALSE	38672 	56	46
JUL 30 2010	11 30 40 48 52	42	FALSE	33835 	56	46
JUL 27 2010	02 07 10 16 29	8	FALSE	37549 	56	46
JUL 23 2010	16 19 39 44 49	26	FALSE	40152 	56	46
JUL 20 2010	12 18 28 36 43	19	FALSE	32378 	56	46
JUL 16 2010	02 15 18 20 39	34	TRUE	64042537 	56	46
JUL 13 2010	07 11 14 15 34	14	FALSE	44633 	56	46
JUL 09 2010	01 31 33 34 50	41	FALSE	45586 	56	46
JUL 06 2010	08 18 45 47 50	36	FALSE	34750 	56	46
JUL 02 2010	01 10 12 32 36	25	FALSE	48750 	56	46
JUN 29 2010	03 04 15 27 37	35	FALSE	41476 	56	46
JUN 25 2010	01 02 13 19 27	21	FALSE	35420 	56	46
JUN 22 2010	12 17 21 23 30	24	TRUE	26060596 	56	46
JUN 18 2010	11 36 37 41 55	7	FALSE	34156 	56	46
JUN 15 2010	04 12 13 21 27	46	FALSE	300110 	56	46
JUN 11 2010	06 13 33 34 42	25	TRUE	36062893 	56	46
JUN 08 2010	12 18 28 48 54	6	FALSE	40234 	56	46
JUN 04 2010	12 13 15 17 50	23	FALSE	69105 	56	46
JUN 01 2010	12 27 44 45 51	30	FALSE	293510 	56	46
MAY 28 2010	03 11 20 29 39	26	TRUE	12051109 	56	46
MAY 25 2010	05 14 17 19 24	25	TRUE	64077416 	56	46
MAY 21 2010	15 20 23 26 30	17	FALSE	62865 	56	46
MAY 18 2010	11 13 19 37 40	26	FALSE	68559 	56	46
MAY 14 2010	20 21 40 47 56	12	FALSE	42023 	56	46
MAY 11 2010	26 33 43 46 54	9	FALSE	36927 	56	46
MAY 07 2010	02 07 20 34 50	40	FALSE	299097 	56	46
MAY 04 2010	09 21 31 36 43	8	TRUE	266177888 	56	46
APR 30 2010	14 20 41 47 53	40	FALSE	124903 	56	46
APR 27 2010	23 37 41 50 55	6	FALSE	97780 	56	46
APR 23 2010	19 26 28 37 52	18	FALSE	101074 	56	46
APR 20 2010	05 08 10 34 42	25	FALSE	126413 	56	46
APR 16 2010	10 16 31 48 50	44	FALSE	64196 	56	46
APR 13 2010	03 12 27 39 47	32	FALSE	71588 	56	46
APR 09 2010	15 18 39 48 53	3	FALSE	84161 	56	46
APR 06 2010	16 43 44 52 56	26	FALSE	52506 	56	46
APR 02 2010	02 17 22 30 31	19	FALSE	78203 	56	46
MAR 30 2010	01 11 24 38 44	41	FALSE	45656 	56	46
MAR 26 2010	23 41 46 47 52	22	FALSE	42433 	56	46
MAR 23 2010	03 25 28 29 40	13	FALSE	64398 	56	46
MAR 19 2010	10 31 45 50 54	25	FALSE	47181 	56	46
MAR 16 2010	03 22 48 52 56	13	FALSE	288575 	56	46
MAR 12 2010	02 15 25 48 53	41	TRUE	20538672 	56	46
MAR 09 2010	14 16 18 19 29	16	FALSE	51769 	56	46
MAR 05 2010	11 31 34 44 52	32	TRUE	133078729 	56	46
MAR 02 2010	09 12 47 48 56	25	FALSE	318944 	56	46
FEB 26 2010	04 14 29 54 56	40	FALSE	80408 	56	46
FEB 23 2010	04 16 36 40 53	18	FALSE	58725 	56	46
FEB 19 2010	01 22 39 42 46	36	FALSE	54121 	56	46
FEB 16 2010	11 12 21 29 45	5	FALSE	58936 	56	46
FEB 12 2010	14 16 17 33 47	23	FALSE	50831 	56	46
FEB 09 2010	02 17 20 26 48	12	FALSE	50084 	56	46
FEB 05 2010	10 20 45 51 53	41	FALSE	40970 	56	46
FEB 02 2010	06 07 26 27 49	9	FALSE	69301 	56	46
JAN 29 2010	01 10 22 23 38	19	TRUE	144375651 	56	46
JAN 26 2010	07 08 38 39 48	22	FALSE	106889 	56	46
JAN 22 2010	08 13 27 28 52	9	FALSE	121514 	56	46
JAN 19 2010	04 05 34 38 41	18	FALSE	335371 	56	46
JAN 15 2010	04 07 19 21 38	29	FALSE	348487 	56	46
JAN 12 2010	05 09 31 37 56	16	FALSE	62810 	56	46
JAN 08 2010	18 20 31 36 43	33	FALSE	68950 	56	46
JAN 05 2010	13 28 39 50 55	10	FALSE	56708 	56	46
JAN 01 2010	06 08 27 40 41	21	FALSE	73942 	56	46
DEC 29 2009	02 05 29 35 51	3	FALSE	46995 	56	46
DEC 25 2009	04 16 44 52 54	20	FALSE	296598 	56	46
DEC 22 2009	03 33 35 39 45	13	TRUE	162143668 	56	46
DEC 18 2009	10 20 30 44 49	24	FALSE	147918 	56	46
DEC 15 2009	27 31 32 36 47	35	FALSE	122355 	56	46
DEC 11 2009	02 21 27 34 44	45	FALSE	100177 	56	46
DEC 08 2009	20 23 28 30 46	29	FALSE	92279 	56	46
DEC 04 2009	04 33 41 51 56	38	FALSE	74112 	56	46
DEC 01 2009	17 30 39 52 53	21	FALSE	61664 	56	46
NOV 27 2009	12 25 37 39 45	11	FALSE	56271 	56	46
NOV 24 2009	10 11 35 37 50	12	FALSE	56275 	56	46
NOV 20 2009	03 04 07 16 56	39	FALSE	309430 	56	46
NOV 17 2009	08 22 27 49 50	28	FALSE	43648 	56	46
NOV 13 2009	27 43 45 49 54	44	FALSE	289581 	56	46
NOV 10 2009	08 21 29 34 37	15	TRUE	77076911 	56	46
NOV 06 2009	07 11 27 40 46	8	FALSE	77630 	56	46
NOV 03 2009	05 18 23 31 38	20	FALSE	60855 	56	46
OCT 30 2009	04 15 17 29 38	20	FALSE	67903 	56	46
OCT 27 2009	07 13 37 46 51	2	FALSE	558162 	56	46
OCT 23 2009	27 45 48 54 56	2	FALSE	56628 	56	46
OCT 20 2009	13 17 25 45 55	8	FALSE	54110 	56	46
OCT 16 2009	10 13 18 33 51	43	TRUE	200156388 	56	46
OCT 13 2009	17 31 34 45 51	24	FALSE	135581 	56	46
OCT 09 2009	03 14 21 24 51	14	FALSE	102236 	56	46
OCT 06 2009	09 33 51 53 56	39	FALSE	87349 	56	46
OCT 02 2009	15 24 51 53 55	11	FALSE	350233 	56	46
SEP 29 2009	02 21 25 45 50	21	FALSE	73554 	56	46
SEP 25 2009	07 27 42 49 52	19	FALSE	103309 	56	46
SEP 22 2009	26 29 33 39 46	24	FALSE	63629 	56	46
SEP 18 2009	18 27 31 36 52	33	FALSE	84738 	56	46
SEP 15 2009	29 30 32 35 41	39	FALSE	53183 	56	46
SEP 11 2009	16 27 48 49 54	2	FALSE	62240 	56	46
SEP 08 2009	04 10 18 28 50	35	FALSE	56905 	56	46
SEP 04 2009	02 04 06 21 44	37	FALSE	61235 	56	46
SEP 01 2009	02 09 28 51 53	19	TRUE	12052556 	56	46
AUG 28 2009	01 17 31 37 54	31	TRUE	333701947 	56	46
AUG 25 2009	03 12 19 22 40	2	FALSE	280949 	56	46
AUG 21 2009	09 38 44 48 49	13	FALSE	167224 	56	46
AUG 18 2009	04 05 26 37 56	25	FALSE	119640 	56	46
AUG 14 2009	08 22 25 33 35	46	FALSE	136990 	56	46
AUG 11 2009	06 12 15 32 42	40	FALSE	101496 	56	46
AUG 07 2009	07 18 35 45 56	3	FALSE	94866 	56	46
AUG 04 2009	01 28 34 42 50	27	FALSE	88931 	56	46
JUL 31 2009	17 35 44 52 56	22	FALSE	325368 	56	46
JUL 28 2009	04 17 24 25 48	34	FALSE	59866 	56	46
JUL 24 2009	03 06 43 51 52	36	FALSE	53904 	56	46
JUL 21 2009	03 08 21 50 52	2	FALSE	70257 	56	46
JUL 17 2009	08 17 40 47 50	13	FALSE	49881 	56	46
JUL 14 2009	20 29 35 45 53	41	FALSE	37046 	56	46
JUL 10 2009	05 10 26 27 28	4	FALSE	54186 	56	46
JUL 07 2009	25 27 35 38 39	28	TRUE	133339519 	56	46
JUL 03 2009	05 06 07 11 25	31	FALSE	367400 	56	46
JUN 30 2009	07 34 49 54 55	34	FALSE	78771 	56	46
JUN 26 2009	11 15 17 29 46	16	FALSE	64568 	56	46
JUN 23 2009	12 14 16 31 50	9	FALSE	72422 	56	46
JUN 19 2009	04 09 12 16 46	44	FALSE	69225 	56	46
JUN 16 2009	09 15 21 26 45	25	FALSE	56445 	56	46
JUN 12 2009	06 11 20 32 44	38	FALSE	49498 	56	46
JUN 09 2009	05 17 31 36 56	46	FALSE	56366 	56	46
JUN 05 2009	05 20 38 41 52	20	FALSE	41360 	56	46
JUN 02 2009	09 13 26 30 35	33	FALSE	38383 	56	46
MAY 29 2009	23 30 36 39 48	34	TRUE	35055650 	56	46
MAY 26 2009	09 18 21 37 55	33	FALSE	39642 	56	46
MAY 22 2009	03 29 34 42 49	29	FALSE	302047 	56	46
MAY 19 2009	02 04 09 15 42	13	FALSE	58029 	56	46
MAY 15 2009	07 12 24 36 48	27	TRUE	38309725 	56	46
MAY 12 2009	04 08 10 14 51	31	FALSE	58521 	56	46
MAY 08 2009	12 27 29 32 34	34	FALSE	51643 	56	46
MAY 05 2009	05 23 38 39 54	3	FALSE	56396 	56	46
MAY 01 2009	09 16 24 40 43	35	TRUE	225174249 	56	46
APR 28 2009	15 20 24 36 44	6	FALSE	145808 	56	46
APR 24 2009	09 20 21 48 49	7	FALSE	377216 	56	46
APR 21 2009	05 24 37 47 52	6	FALSE	102491 	56	46
APR 17 2009	05 13 26 35 45	32	FALSE	84135 	56	46
APR 14 2009	04 11 22 48 50	42	FALSE	96471 	56	46
APR 10 2009	18 25 36 42 51	22	FALSE	77147 	56	46
APR 07 2009	02 04 13 17 36	15	FALSE	58009 	56	46
APR 03 2009	16 22 38 39 48	42	FALSE	51787 	56	46
MAR 31 2009	14 39 47 48 53	29	FALSE	69087 	56	46
MAR 27 2009	10 15 24 38 50	19	FALSE	50500 	56	46
MAR 24 2009	04 25 34 43 44	45	FALSE	44386 	56	46
MAR 20 2009	15 16 20 39 40	26	FALSE	43618 	56	46
MAR 17 2009	09 15 24 28 31	17	FALSE	54824 	56	46
MAR 13 2009	10 12 26 46 50	23	TRUE	26056000 	56	46
MAR 10 2009	02 27 31 39 40	23	FALSE	39124 	56	46
MAR 06 2009	11 18 37 46 55	45	FALSE	59425 	56	46
MAR 03 2009	26 32 35 43 52	10	TRUE	212186903 	56	46
FEB 27 2009	24 37 44 50 56	35	FALSE	128318 	56	46
FEB 24 2009	01 27 28 35 40	6	FALSE	111405 	56	46
FEB 20 2009	21 28 41 45 55	24	FALSE	95440 	56	46
FEB 17 2009	01 09 23 27 33	24	FALSE	336760 	56	46
FEB 13 2009	25 36 37 40 51	20	FALSE	71236 	56	46
FEB 10 2009	18 29 38 43 47	7	FALSE	80706 	56	46
FEB 06 2009	02 12 18 28 31	3	FALSE	95317 	56	46
FEB 03 2009	04 15 29 43 56	29	FALSE	67420 	56	46
JAN 30 2009	13 16 19 53 55	2	FALSE	48852 	56	46
JAN 27 2009	03 11 12 14 21	25	FALSE	64069 	56	46
JAN 23 2009	02 17 20 27 28	7	FALSE	317134 	56	46
JAN 20 2009	01 09 10 35 46	9	FALSE	49816 	56	46
JAN 16 2009	02 04 21 39 51	29	FALSE	47354 	56	46
JAN 13 2009	22 25 33 36 48	40	TRUE	22041101 	56	46
JAN 09 2009	23 25 30 45 50	8	FALSE	37284 	56	46
JAN 06 2009	03 11 12 19 33	30	FALSE	44559 	56	46
JAN 02 2009	02 11 19 21 34	38	TRUE	46062983 	56	46
DEC 30 2008	01 22 29 44 52	39	FALSE	67005 	56	46
DEC 26 2008	06 19 29 33 37	31	FALSE	45271 	56	46
DEC 23 2008	01 08 13 27 41	45	FALSE	52181 	56	46
DEC 19 2008	03 13 16 39 54	32	FALSE	41203 	56	46
DEC 16 2008	10 14 16 29 40	6	FALSE	62459 	56	46
DEC 12 2008	10 16 19 27 48	25	TRUE	207154408 	56	46
DEC 09 2008	11 12 26 31 33	27	FALSE	408053 	56	46
DEC 05 2008	21 27 46 52 55	14	FALSE	380857 	56	46
DEC 02 2008	02 17 22 32 51	35	FALSE	121403 	56	46
NOV 28 2008	10 30 44 46 48	44	FALSE	89098 	56	46
NOV 25 2008	02 11 22 51 52	46	FALSE	80119 	56	46
NOV 21 2008	01 22 52 53 56	45	FALSE	62677 	56	46
NOV 18 2008	10 15 22 52 53	12	FALSE	313166 	56	46
NOV 14 2008	03 18 19 30 34	3	FALSE	61573 	56	46
NOV 11 2008	05 27 38 42 55	41	FALSE	71563 	56	46
NOV 07 2008	14 24 32 43 44	21	FALSE	51296 	56	46
NOV 04 2008	10 21 23 41 55	9	FALSE	313088 	56	46
OCT 31 2008	02 07 17 29 47	40	FALSE	41002 	56	46
OCT 28 2008	06 39 45 46 48	36	FALSE	35859 	56	46
OCT 24 2008	05 33 34 47 52	18	FALSE	34032 	56	46
OCT 21 2008	16 19 39 42 44	38	TRUE	42046846 	56	46
OCT 17 2008	07 15 27 28 31	35	FALSE	55513 	56	46
OCT 14 2008	14 35 41 42 51	23	FALSE	39389 	56	46
OCT 10 2008	14 15 43 46 48	21	FALSE	34538 	56	46
OCT 07 2008	02 25 35 38 42	34	FALSE	34513 	56	46
OCT 03 2008	13 28 32 41 52	16	TRUE	42306959 	56	46
SEP 30 2008	09 30 35 39 49	36	FALSE	64774 	56	46
SEP 26 2008	06 13 14 31 36	36	FALSE	53025 	56	46
SEP 23 2008	09 32 34 43 52	4	FALSE	39849 	56	46
SEP 19 2008	02 09 41 48 51	37	FALSE	45177 	56	46
SEP 16 2008	13 24 39 51 52	44	TRUE	15038469 	56	46
SEP 12 2008	01 12 14 25 35	38	FALSE	38899 	56	46
SEP 09 2008	22 23 28 49 52	2	TRUE	24041420 	56	46
SEP 05 2008	01 06 15 27 46	39	FALSE	41056 	56	46
SEP 02 2008	14 23 43 44 54	39	FALSE	37172 	56	46
AUG 29 2008	21 25 26 50 51	22	TRUE	132108662 	56	46
AUG 26 2008	06 16 24 34 36	30	FALSE	83288 	56	46
AUG 22 2008	12 13 15 41 42	37	FALSE	78705 	56	46
AUG 19 2008	09 18 19 26 40	38	FALSE	85499 	56	46
AUG 15 2008	08 23 29 30 53	7	FALSE	63763 	56	46
AUG 12 2008	02 07 23 38 40	40	FALSE	63464 	56	46
AUG 08 2008	11 17 28 32 50	33	FALSE	565467 	56	46
AUG 05 2008	09 21 36 38 55	13	FALSE	50472 	56	46
AUG 01 2008	09 13 17 18 56	2	FALSE	44754 	56	46
JUL 29 2008	11 13 20 30 42	3	FALSE	61833 	56	46
JUL 25 2008	02 16 19 35 52	17	FALSE	39886 	56	46
JUL 22 2008	02 16 23 29 32	46	TRUE	125091637 	56	46
JUL 18 2008	17 29 36 53 55	26	FALSE	322136 	56	46
JUL 15 2008	19 24 34 45 51	40	FALSE	81745 	56	46
JUL 11 2008	05 14 16 39 51	34	FALSE	54853 	56	46
JUL 08 2008	01 20 22 29 41	35	FALSE	62454 	56	46
JUL 04 2008	01 03 12 19 20	28	FALSE	67043 	56	46
JUL 01 2008	01 22 33 43 52	36	FALSE	56705 	56	46
JUN 27 2008	08 14 22 39 50	44	FALSE	45633 	56	46
JUN 24 2008	10 22 36 50 53	39	FALSE	37882 	56	46
JUN 20 2008	11 17 25 36 42	13	FALSE	73554 	56	46
JUN 17 2008	05 14 25 47 49	36	FALSE	48784 	56	46
JUN 13 2008	08 09 14 38 44	36	TRUE	56063967 	56	46
JUN 10 2008	03 05 15 43 51	11	FALSE	64755 	56	46
JUN 06 2008	08 09 43 44 54	27	FALSE	59457 	56	46
JUN 03 2008	04 19 24 32 54	5	FALSE	48321 	56	46
MAY 30 2008	39 40 47 53 55	32	FALSE	46303 	56	46
MAY 27 2008	14 24 32 45 49	17	FALSE	48461 	56	46
MAY 23 2008	04 08 11 22 30	4	TRUE	17055142 	56	46
MAY 20 2008	02 14 26 32 41	32	FALSE	41120 	56	46
MAY 16 2008	06 11 39 46 47	26	TRUE	196392537 	56	46
MAY 13 2008	20 24 27 31 47	15	FALSE	107047 	56	46
MAY 09 2008	16 31 43 46 56	22	FALSE	122321 	56	46
MAY 06 2008	04 21 46 53 54	26	FALSE	95744 	56	46
MAY 02 2008	08 28 37 53 55	26	FALSE	90469 	56	46
APR 29 2008	19 24 35 44 51	26	FALSE	75826 	56	46
APR 25 2008	19 32 37 45 52	41	FALSE	59253 	56	46
APR 22 2008	03 22 31 48 54	9	FALSE	310841 	56	46
APR 18 2008	24 28 36 50 53	29	FALSE	53590 	56	46
APR 15 2008	12 13 27 48 50	30	FALSE	59675 	56	46
APR 11 2008	14 18 27 31 42	7	FALSE	51295 	56	46
APR 08 2008	08 09 31 37 44	38	FALSE	62685 	56	46
APR 04 2008	03 05 40 45 49	17	FALSE	45456 	56	46
APR 01 2008	04 17 26 46 56	25	TRUE	135094666 	56	46
MAR 28 2008	07 26 27 40 43	10	FALSE	121113 	56	46
MAR 25 2008	38 42 43 48 53	12	FALSE	107266 	56	46
MAR 21 2008	05 08 17 19 41	21	FALSE	95707 	56	46
MAR 18 2008	13 15 20 25 44	37	FALSE	72205 	56	46
MAR 14 2008	03 12 18 25 52	21	FALSE	65602 	56	46
MAR 11 2008	04 13 35 41 47	44	FALSE	65134 	56	46
MAR 07 2008	19 32 33 41 48	12	FALSE	310825 	56	46
MAR 04 2008	07 15 30 33 56	22	FALSE	321602 	56	46
FEB 29 2008	05 17 22 26 55	38	FALSE	42511 	56	46
FEB 26 2008	09 12 30 36 55	15	FALSE	40943 	56	46
FEB 22 2008	07 12 13 19 22	10	TRUE	270800383 	56	46
FEB 19 2008	01 38 42 55 56	34	FALSE	387497 	56	46
FEB 15 2008	07 11 26 30 53	14	FALSE	181707 	56	46
FEB 12 2008	14 27 39 47 50	12	FALSE	133895 	56	46
FEB 08 2008	21 30 43 46 50	18	FALSE	104596 	56	46
FEB 05 2008	04 05 17 40 51	38	FALSE	106000 	56	46
FEB 01 2008	03 14 30 44 56	5	FALSE	82397 	56	46
JAN 29 2008	08 23 39 40 42	24	FALSE	72339 	56	46
JAN 25 2008	05 12 22 38 56	22	FALSE	570035 	56	46
JAN 22 2008	12 15 22 25 33	2	FALSE	80481 	56	46
JAN 18 2008	12 22 33 43 44	15	FALSE	72728 	56	46
JAN 15 2008	21 30 42 44 50	6	FALSE	57399 	56	46
JAN 11 2008	22 36 42 45 55	42	FALSE	40522 	56	46
JAN 08 2008	10 29 45 52 54	10	FALSE	60237 	56	46
JAN 04 2008	24 31 39 40 56	32	FALSE	43744 	56	46
JAN 01 2008	13 16 25 30 54	11	TRUE	33058031 	56	46
DEC 28 2007	02 19 22 28 54	25	FALSE	42925 	56	46
DEC 25 2007	19 36 37 48 52	8	FALSE	290057 	56	46
DEC 21 2007	14 19 20 43 53	7	FALSE	45451 	56	46
DEC 18 2007	03 23 46 48 49	2	TRUE	163120652 	56	46
DEC 14 2007	04 07 12 17 30	44	FALSE	360859 	56	46
DEC 11 2007	06 25 27 30 45	46	FALSE	116871 	56	46
DEC 07 2007	12 18 26 28 51	35	FALSE	90322 	56	46
DEC 04 2007	16 27 30 45 53	43	FALSE	55558 	56	46
NOV 30 2007	05 06 12 26 51	7	FALSE	66205 	56	46
NOV 27 2007	09 10 26 29 39	10	FALSE	65260 	56	46
NOV 23 2007	18 21 33 42 56	11	FALSE	46568 	56	46
NOV 20 2007	14 20 23 42 43	6	FALSE	48884 	56	46
NOV 16 2007	12 13 30 31 39	29	FALSE	43944 	56	46
NOV 13 2007	15 26 36 39 40	45	FALSE	49183 	56	46
NOV 09 2007	11 33 41 42 46	21	FALSE	48470 	56	46
NOV 06 2007	03 17 43 46 47	2	FALSE	38534 	56	46
NOV 02 2007	01 03 34 49 52	19	TRUE	75058981 	56	46
OCT 30 2007	02 08 44 46 51	22	FALSE	64782 	56	46
OCT 26 2007	12 20 24 38 51	3	FALSE	50501 	56	46
OCT 23 2007	02 07 45 52 53	18	FALSE	298902 	56	46
OCT 19 2007	05 15 18 23 46	14	FALSE	65810 	56	46
OCT 16 2007	01 02 05 41 44	25	FALSE	43273 	56	46
OCT 12 2007	21 26 34 44 54	23	FALSE	34997 	56	46
OCT 09 2007	01 10 17 32 51	44	FALSE	36898 	56	46
OCT 05 2007	10 19 37 40 48	1	TRUE	26042930 	56	46
OCT 02 2007	28 37 40 43 44	20	FALSE	47366 	56	46
SEP 28 2007	04 13 20 25 33	42	FALSE	41988 	56	46
SEP 25 2007	02 19 23 47 54	16	TRUE	12039498 	56	46
SEP 21 2007	05 21 23 33 45	43	TRUE	60056500 	56	46
SEP 18 2007	20 24 31 34 49	8	FALSE	54600 	56	46
SEP 14 2007	05 09 12 33 40	27	FALSE	71968 	56	46
SEP 11 2007	09 10 17 21 35	6	FALSE	69405 	56	46
SEP 07 2007	14 19 27 34 48	3	FALSE	40857 	56	46
SEP 04 2007	03 06 11 42 46	38	FALSE	302486 	56	46
AUG 31 2007	08 18 22 40 44	11	TRUE	330311370 	56	46
AUG 28 2007	37 40 48 53 56	44	FALSE	478036 	56	46
AUG 24 2007	04 21 46 51 53	5	FALSE	158749 	56	46
AUG 21 2007	08 38 54 55 56	2	FALSE	130451 	56	46
AUG 17 2007	02 08 33 38 53	12	FALSE	367778 	56	46
AUG 14 2007	05 08 09 24 34	17	FALSE	101567 	56	46
AUG 10 2007	10 20 32 33 54	39	FALSE	68759 	56	46
AUG 07 2007	36 41 50 55 56	9	FALSE	85502 	56	46
AUG 03 2007	16 29 42 46 51	40	FALSE	309917 	56	46
JUL 31 2007	05 18 37 39 43	42	FALSE	74145 	56	46
JUL 27 2007	07 12 35 54 55	2	FALSE	57701 	56	46
JUL 24 2007	08 17 20 23 50	17	FALSE	49596 	56	46
JUL 20 2007	06 13 30 41 52	26	FALSE	53623 	56	46
JUL 17 2007	16 30 38 46 51	5	FALSE	42861 	56	46
JUL 13 2007	07 39 41 48 53	21	FALSE	38082 	56	46
JUL 10 2007	19 24 30 34 56	19	FALSE	65442 	56	46
JUL 06 2007	03 09 12 25 47	37	TRUE	126077732 	56	46
JUL 03 2007	21 35 37 39 40	35	FALSE	84682 	56	46
JUN 29 2007	01 17 40 51 52	7	FALSE	70614 	56	46
JUN 26 2007	04 10 20 29 45	21	FALSE	309711 	56	46
JUN 22 2007	11 14 21 24 31	23	FALSE	53361 	56	46
JUN 19 2007	05 16 31 49 54	19	FALSE	50116 	56	46
JUN 15 2007	01 05 16 26 30	21	FALSE	318424 	56	46
JUN 12 2007	03 13 19 31 50	21	FALSE	45113 	56	46
JUN 08 2007	06 26 29 31 39	31	FALSE	39009 	56	46
JUN 05 2007	27 35 38 49 56	15	FALSE	36694 	56	46
JUN 01 2007	12 19 29 32 48	9	FALSE	38413 	56	46
MAY 29 2007	02 24 44 51 54	7	TRUE	44055196 	56	46
MAY 25 2007	10 14 22 42 43	1	FALSE	44570 	56	46
MAY 22 2007	02 07 11 22 36	35	FALSE	76350 	56	46
MAY 18 2007	13 23 24 30 44	5	FALSE	320846 	56	46
MAY 15 2007	06 13 42 46 56	42	FALSE	40338 	56	46
MAY 11 2007	28 30 33 48 54	25	TRUE	112082133 	56	46
MAY 08 2007	16 24 41 43 54	36	FALSE	317742 	56	46
MAY 04 2007	04 09 20 45 55	34	FALSE	68173 	56	46
MAY 01 2007	11 16 31 52 53	42	FALSE	55711 	56	46
APR 27 2007	05 07 26 38 56	15	FALSE	52136 	56	46
APR 24 2007	08 10 35 36 43	14	FALSE	59092 	56	46
APR 20 2007	01 09 10 23 53	40	FALSE	56293 	56	46
APR 17 2007	01 04 11 31 47	37	FALSE	48243 	56	46
APR 13 2007	11 14 21 25 26	33	FALSE	44324 	56	46
APR 10 2007	07 15 16 19 28	10	FALSE	55441 	56	46
APR 06 2007	24 32 34 36 39	6	TRUE	105090510 	56	46
APR 03 2007	16 26 33 34 46	38	FALSE	310235 	56	46
MAR 30 2007	15 23 37 48 53	22	FALSE	65964 	56	46
MAR 27 2007	18 25 34 35 42	6	FALSE	54842 	56	46
MAR 23 2007	18 21 35 51 53	36	FALSE	66441 	56	46
MAR 20 2007	07 21 46 49 55	15	FALSE	295481 	56	46
MAR 16 2007	17 25 36 40 43	9	FALSE	51705 	56	46
MAR 13 2007	07 11 16 38 49	35	FALSE	50432 	56	46
MAR 09 2007	10 13 25 42 43	30	FALSE	41988 	56	46
MAR 06 2007	16 22 29 39 42	20	TRUE	370822269 	56	46
MAR 02 2007	14 21 33 35 51	43	FALSE	463665 	56	46
FEB 27 2007	18 31 44 45 48	18	FALSE	407622 	56	46
FEB 23 2007	03 18 21 38 50	43	FALSE	363673 	56	46
FEB 20 2007	01 09 26 46 51	11	FALSE	118334 	56	46
FEB 16 2007	17 35 40 46 48	41	FALSE	98692 	56	46
FEB 13 2007	03 09 24 29 41	41	FALSE	94091 	56	46
FEB 09 2007	32 39 46 48 49	41	FALSE	87945 	56	46
FEB 06 2007	16 21 35 36 46	38	FALSE	70478 	56	46
FEB 02 2007	22 33 35 40 53	15	FALSE	58066 	56	46
JAN 30 2007	14 18 44 52 56	25	FALSE	60991 	56	46
JAN 26 2007	16 17 36 49 54	14	FALSE	54806 	56	46
JAN 23 2007	03 05 15 26 53	35	FALSE	67440 	56	46
JAN 19 2007	04 28 30 31 35	17	FALSE	39636 	56	46
JAN 16 2007	04 08 15 33 52	10	FALSE	65931 	56	46
JAN 12 2007	12 14 26 40 42	22	FALSE	36340 	56	46
JAN 09 2007	07 11 26 38 54	13	TRUE	122140995 	56	46
JAN 05 2007	02 12 44 46 51	6	FALSE	99602 	56	46
JAN 02 2007	09 10 38 51 53	1	FALSE	61811 	56	46
DEC 29 2006	03 04 10 39 50	29	FALSE	309729 	56	46
DEC 26 2006	07 12 25 44 53	3	FALSE	73579 	56	46
DEC 22 2006	05 12 15 25 34	43	FALSE	313680 	56	46
DEC 19 2006	09 32 37 42 48	7	FALSE	43563 	56	46
DEC 15 2006	06 07 17 28 40	39	FALSE	33054 	56	46
DEC 12 2006	20 30 31 35 49	23	FALSE	47544 	56	46
DEC 08 2006	01 15 29 32 45	8	FALSE	46175 	56	46
DEC 05 2006	06 09 13 43 46	45	FALSE	295808 	56	46
DEC 01 2006	16 22 23 37 53	35	TRUE	40043025 	56	46
NOV 28 2006	07 14 24 41 56	7	FALSE	38940 	56	46
NOV 24 2006	14 35 40 47 48	35	FALSE	34140 	56	46
NOV 21 2006	07 13 20 42 47	9	FALSE	50814 	56	46
NOV 17 2006	05 19 25 30 50	42	FALSE	35655 	56	46
NOV 14 2006	09 20 24 25 36	23	TRUE	75058675 	56	46
NOV 10 2006	11 42 52 53 55	28	FALSE	71195 	56	46
NOV 07 2006	13 22 33 51 52	42	FALSE	47661 	56	46
NOV 03 2006	08 10 22 25 55	22	FALSE	56698 	56	46
OCT 31 2006	05 34 40 45 46	21	FALSE	38761 	56	46
OCT 27 2006	15 22 26 30 32	31	FALSE	37488 	56	46
OCT 24 2006	05 25 41 48 51	35	FALSE	32789 	56	46
OCT 20 2006	09 13 23 29 54	34	FALSE	29982 	56	46
OCT 17 2006	06 18 20 28 38	37	TRUE	55306616 	56	46
OCT 13 2006	24 27 42 47 50	8	FALSE	56959 	56	46
OCT 10 2006	14 30 35 40 43	2	FALSE	41280 	56	46
OCT 06 2006	01 11 20 21 46	18	FALSE	43669 	56	46
OCT 03 2006	06 19 32 33 40	39	FALSE	47792 	56	46
SEP 29 2006	03 25 43 45 55	40	FALSE	34651 	56	46
SEP 26 2006	03 06 38 42 45	30	TRUE	15045854 	56	46
SEP 22 2006	07 12 17 22 43	16	FALSE	35323 	56	46
SEP 19 2006	02 19 44 45 56	43	TRUE	12038691 	56	46
SEP 15 2006	06 26 33 39 55	1	TRUE	163094046 	56	46
SEP 12 2006	03 16 25 30 44	42	FALSE	95170 	56	46
SEP 08 2006	09 17 34 52 53	2	FALSE	83291 	56	46
SEP 05 2006	01 32 36 42 53	4	FALSE	75291 	56	46
SEP 01 2006	05 06 51 53 55	12	FALSE	72749 	56	46
AUG 29 2006	15 25 37 38 52	4	FALSE	66984 	56	46
AUG 25 2006	17 24 35 46 54	33	FALSE	45598 	56	46
AUG 22 2006	03 04 05 07 36	16	FALSE	65046 	56	46
AUG 18 2006	05 12 13 46 50	10	FALSE	65107 	56	46
AUG 15 2006	10 12 22 44 48	16	FALSE	39663 	56	46
AUG 11 2006	14 16 38 40 49	29	FALSE	55300 	56	46
AUG 08 2006	01 05 13 18 33	30	FALSE	37242 	56	46
AUG 04 2006	02 24 31 50 55	44	FALSE	32796 	56	46
AUG 01 2006	14 29 32 43 49	14	TRUE	31049702 	56	46
JUL 28 2006	02 13 23 32 35	4	FALSE	47145 	56	46
JUL 25 2006	07 21 24 41 51	10	FALSE	34531 	56	46
JUL 21 2006	18 26 35 36 43	24	FALSE	42310 	56	46
JUL 18 2006	12 13 29 49 52	20	TRUE	49045556 	56	46
JUL 14 2006	13 25 26 28 56	39	FALSE	40588 	56	46
JUL 11 2006	05 14 34 36 52	42	FALSE	42602 	56	46
JUL 07 2006	07 15 27 46 56	39	FALSE	37202 	56	46
JUL 04 2006	09 15 31 42 45	41	FALSE	30002 	56	46
JUN 30 2006	20 40 46 48 54	27	FALSE	31701 	56	46
JUN 27 2006	02 14 20 29 44	32	TRUE	23033795 	56	46
JUN 23 2006	13 17 24 34 56	24	FALSE	34286 	56	46
JUN 20 2006	11 21 37 53 54	12	FALSE	33865 	56	46
JUN 16 2006	27 30 36 38 45	13	TRUE	34040935 	56	46
JUN 13 2006	01 20 23 24 33	29	FALSE	40877 	56	46
JUN 09 2006	08 17 18 26 47	37	FALSE	37301 	56	46
JUN 06 2006	05 29 35 52 53	9	FALSE	39899 	56	46
JUN 02 2006	03 10 18 36 38	41	TRUE	47047479 	56	46
MAY 30 2006	02 13 28 34 45	36	FALSE	39426 	56	46
MAY 26 2006	12 14 20 47 48	24	FALSE	41226 	56	46
MAY 23 2006	17 21 28 48 54	1	FALSE	47803 	56	46
MAY 19 2006	05 12 31 51 56	1	FALSE	40205 	56	46
MAY 16 2006	07 24 40 48 50	15	TRUE	94073391 	56	46
MAY 12 2006	06 36 39 45 52	45	FALSE	317229 	56	46
MAY 09 2006	07 15 24 43 44	22	FALSE	70996 	56	46
MAY 05 2006	08 20 39 53 55	10	FALSE	50247 	56	46
MAY 02 2006	07 11 22 27 31	33	FALSE	571393 	56	46
APR 28 2006	16 29 32 36 55	12	FALSE	48037 	56	46
APR 25 2006	01 20 32 37 39	9	FALSE	50314 	56	46
APR 21 2006	02 04 07 27 41	4	FALSE	48127 	56	46
APR 18 2006	13 14 25 34 50	6	TRUE	265644643 	56	46
APR 14 2006	08 10 18 29 33	10	FALSE	163849 	56	46
APR 11 2006	02 12 45 46 56	20	FALSE	362704 	56	46
APR 07 2006	01 18 31 46 52	37	FALSE	114828 	56	46
APR 04 2006	09 25 48 51 56	7	FALSE	82148 	56	46
MAR 31 2006	04 07 19 50 52	15	FALSE	343781 	56	46
MAR 28 2006	14 18 35 39 49	14	FALSE	62769 	56	46
MAR 24 2006	01 02 17 47 49	19	FALSE	80293 	56	46
MAR 21 2006	04 16 17 28 31	8	FALSE	57779 	56	46
MAR 17 2006	08 11 23 48 52	5	FALSE	78301 	56	46
MAR 14 2006	27 28 30 42 50	22	FALSE	309635 	56	46
MAR 10 2006	04 17 18 51 54	31	FALSE	292917 	56	46
MAR 07 2006	15 27 36 38 42	32	FALSE	50190 	56	46
MAR 03 2006	25 29 38 39 46	4	FALSE	42605 	56	46
FEB 28 2006	02 04 35 36 48	22	TRUE	267204907 	56	46
FEB 24 2006	03 05 12 16 34	27	FALSE	146120 	56	46
FEB 21 2006	14 23 27 36 45	36	FALSE	98168 	56	46
FEB 17 2006	16 25 31 43 46	28	FALSE	121306 	56	46
FEB 14 2006	27 36 43 49 54	33	FALSE	101183 	56	46
FEB 10 2006	24 39 40 43 46	2	FALSE	319943 	56	46
FEB 07 2006	02 16 25 30 48	26	FALSE	56718 	56	46
FEB 03 2006	29 31 32 41 52	42	FALSE	47659 	56	46
JAN 31 2006	01 35 53 54 56	44	FALSE	45104 	56	46
JAN 27 2006	02 07 08 18 29	46	FALSE	72201 	56	46
JAN 24 2006	31 34 36 51 55	4	FALSE	38944 	56	46
JAN 20 2006	18 22 28 44 53	46	FALSE	40052 	56	46
JAN 17 2006	24 32 37 39 40	44	FALSE	46516 	56	46
JAN 13 2006	05 21 27 44 53	36	FALSE	34371 	56	46
JAN 10 2006	07 27 32 37 38	30	FALSE	32448 	56	46
JAN 06 2006	08 11 28 37 53	12	TRUE	15034962 	56	46
JAN 03 2006	15 19 20 32 38	21	FALSE	36369 	56	46
DEC 30 2005	14 20 25 40 44	37	TRUE	88075076 	56	46
DEC 27 2005	11 24 27 49 55	23	FALSE	61338 	56	46
DEC 23 2005	10 37 39 49 54	8	FALSE	54491 	56	46
DEC 20 2005	06 20 23 40 56	36	FALSE	44512 	56	46
DEC 16 2005	14 25 26 31 56	17	FALSE	41930 	56	46
DEC 13 2005	09 10 12 22 41	4	FALSE	45391 	56	46
DEC 09 2005	14 15 31 32 43	20	FALSE	47658 	56	46
DEC 06 2005	06 10 26 30 33	16	FALSE	38370 	56	46
DEC 02 2005	03 12 21 38 44	45	FALSE	33946 	56	46
NOV 29 2005	07 08 47 51 52	5	TRUE	35292866 	56	46
NOV 25 2005	05 25 31 33 34	41	FALSE	55226 	56	46
NOV 22 2005	09 22 37 41 43	30	FALSE	39480 	56	46
NOV 18 2005	08 18 21 42 46	11	FALSE	40689 	56	46
NOV 15 2005	02 04 05 40 48	7	TRUE	315281367 	56	46
NOV 11 2005	09 14 34 50 51	40	FALSE	130208 	56	46
NOV 08 2005	08 16 21 25 27	16	FALSE	135230 	56	46
NOV 04 2005	07 09 41 53 54	38	FALSE	107427 	56	46
NOV 01 2005	05 18 21 28 36	20	FALSE	94999 	56	46
OCT 28 2005	08 17 25 28 53	1	FALSE	93559 	56	46
OCT 25 2005	07 12 18 31 55	30	FALSE	91180 	56	46
OCT 21 2005	11 17 28 29 36	42	FALSE	83348 	56	46
OCT 18 2005	03 12 16 32 33	15	FALSE	60844 	56	46
OCT 14 2005	06 20 24 25 34	44	FALSE	49507 	56	46
OCT 11 2005	24 30 42 53 54	20	FALSE	56485 	56	46
OCT 07 2005	02 04 23 27 36	37	FALSE	56559 	56	46
OCT 04 2005	12 24 28 29 36	41	FALSE	39606 	56	46
SEP 30 2005	01 03 14 30 52	10	FALSE	40388 	56	46
SEP 27 2005	14 17 26 27 28	5	FALSE	70401 	56	46
SEP 23 2005	06 07 20 41 51	38	FALSE	30565 	56	46
SEP 20 2005	35 36 40 42 52	45	FALSE	44192 	56	46
SEP 16 2005	05 16 41 46 50	1	TRUE	250703967 	56	46
SEP 13 2005	13 24 44 48 52	30	FALSE	136681 	56	46
SEP 09 2005	15 28 43 51 52	11	FALSE	104345 	56	46
SEP 06 2005	01 08 27 31 50	40	FALSE	89678 	56	46
SEP 02 2005	01 04 14 45 53	33	FALSE	76205 	56	46
AUG 30 2005	19 32 42 49 56	29	FALSE	82186 	56	46
AUG 26 2005	05 20 38 47 54	35	FALSE	64487 	56	46
AUG 23 2005	06 07 08 13 40	12	FALSE	320745 	56	46
AUG 19 2005	02 13 18 36 46	36	FALSE	49150 	56	46
AUG 16 2005	09 15 20 24 55	3	FALSE	49095 	56	46
AUG 12 2005	08 37 38 45 54	21	FALSE	65677 	56	46
AUG 09 2005	13 35 36 43 52	5	FALSE	41084 	56	46
AUG 05 2005	03 05 48 50 53	4	FALSE	49435 	56	46
AUG 02 2005	17 22 39 50 52	46	FALSE	36575 	56	46
JUL 29 2005	04 16 23 25 40	22	FALSE	31878 	56	46
JUL 26 2005	01 10 18 29 55	8	FALSE	34561 	56	46
JUL 22 2005	07 18 27 35 54	34	TRUE	170115486 	56	46
JUL 19 2005	07 13 48 51 54	11	FALSE	105511 	56	46
JUL 15 2005	09 13 25 36 48	2	FALSE	83247 	56	46
JUL 12 2005	05 17 32 39 53	36	FALSE	66464 	56	46
JUL 08 2005	09 23 45 48 50	3	FALSE	54296 	56	46
JUL 05 2005	22 38 48 50 55	29	FALSE	46212 	56	46
JUL 01 2005	14 25 41 42 50	40	FALSE	44367 	56	46
JUN 28 2005	02 20 37 43 46	4	FALSE	290724 	56	46
JUN 24 2005	14 43 44 50 56	7	FALSE	57591 	56	46
JUN 21 2005	09 13 40 46 50	30	FALSE	37540 	52	52
JUN 17 2005	16 35 40 49 50	34	FALSE	45439 	52	52
JUN 14 2005	01 10 29 48 49	36	FALSE	43731 	52	52
JUN 10 2005	14 29 31 37 50	34	FALSE	30549 	52	52
JUN 07 2005	07 14 28 46 47	25	FALSE	33045 	52	52
JUN 03 2005	04 06 14 28 47	42	TRUE	106253783 	52	52
MAY 31 2005	05 13 22 37 38	11	FALSE	66248 	52	52
MAY 27 2005	07 17 22 34 50	24	FALSE	60757 	52	52
MAY 24 2005	09 28 39 40 45	24	FALSE	50409 	52	52
MAY 20 2005	03 06 27 40 44	9	FALSE	60862 	52	52
MAY 17 2005	07 09 10 29 44	17	FALSE	50193 	52	52
MAY 13 2005	21 23 27 33 39	8	FALSE	46012 	52	52
MAY 10 2005	11 25 38 40 42	40	FALSE	45395 	52	52
MAY 06 2005	07 12 25 50 51	19	FALSE	43416 	52	52
MAY 03 2005	07 17 42 46 52	47	FALSE	34054 	52	52
APR 29 2005	02 05 07 28 46	21	FALSE	34228 	52	52
APR 26 2005	18 22 33 34 42	16	FALSE	38916 	52	52
APR 22 2005	23 25 43 46 49	26	TRUE	205310065 	52	52
APR 19 2005	05 06 14 42 47	3	FALSE	297026 	52	52
APR 15 2005	25 26 37 39 49	29	FALSE	96849 	52	52
APR 12 2005	15 20 43 47 50	24	FALSE	82090 	52	52
APR 08 2005	05 13 17 33 35	35	FALSE	78446 	52	52
APR 05 2005	04 19 45 51 52	22	FALSE	60916 	52	52
APR 01 2005	11 19 28 32 45	10	FALSE	233458 	52	52
MAR 29 2005	07 17 18 30 42	38	FALSE	235383 	52	52
MAR 25 2005	11 18 19 45 49	2	FALSE	52001 	52	52
MAR 22 2005	06 11 27 37 43	34	FALSE	45703 	52	52
MAR 18 2005	02 09 28 29 48	33	FALSE	48707 	52	52
MAR 15 2005	14 26 27 34 44	27	FALSE	36774 	52	52
MAR 11 2005	18 19 31 35 36	17	FALSE	209178 	52	52
MAR 08 2005	08 14 15 22 31	13	FALSE	52565 	52	52
MAR 04 2005	07 10 13 35 39	21	FALSE	35588 	52	52
MAR 01 2005	01 08 18 39 48	1	TRUE	112098636 	52	52
FEB 25 2005	04 13 37 38 50	24	FALSE	74480 	52	52
FEB 22 2005	15 18 28 41 45	27	FALSE	62970 	52	52
FEB 18 2005	01 19 31 35 42	34	FALSE	228585 	52	52
FEB 15 2005	03 16 20 21 38	10	FALSE	61259 	52	52
FEB 11 2005	06 14 21 24 50	28	FALSE	57876 	52	52
FEB 08 2005	08 11 14 23 25	21	FALSE	232627 	52	52
FEB 04 2005	03 12 14 30 52	34	FALSE	42140 	52	52
FEB 01 2005	03 17 21 42 44	35	FALSE	213889 	52	52
JAN 28 2005	25 31 39 47 52	43	FALSE	42876 	52	52
JAN 25 2005	02 10 21 25 45	22	FALSE	210616 	52	52
JAN 21 2005	17 27 39 40 41	21	FALSE	37260 	52	52
JAN 18 2005	10 23 28 39 51	5	TRUE	131856757 	52	52
JAN 14 2005	15 19 24 40 47	50	FALSE	90236 	52	52
JAN 11 2005	02 23 24 35 45	18	FALSE	430964 	52	52
JAN 07 2005	02 08 14 15 51	38	FALSE	414208 	52	52
JAN 04 2005	03 06 07 12 32	30	FALSE	61914 	52	52
DEC 31 2004	10 14 45 47 51	20	FALSE	3326418 	52	52
DEC 28 2004	18 29 32 38 43	50	FALSE	50955 	52	52
DEC 24 2004	09 20 22 41 42	10	FALSE	232944 	52	52
DEC 21 2004	07 22 27 31 38	12	FALSE	56684 	52	52
DEC 17 2004	16 34 38 42 47	1	FALSE	35925 	52	52
DEC 14 2004	14 27 32 34 40	2	FALSE	35440 	52	52
DEC 10 2004	22 23 37 42 47	15	FALSE	34772 	52	52
DEC 07 2004	01 19 22 32 49	29	FALSE	36314 	52	52
DEC 03 2004	12 32 37 41 52	13	TRUE	24043606 	52	52
NOV 30 2004	10 20 22 28 52	4	FALSE	35993 	52	52
NOV 26 2004	07 09 18 37 43	34	FALSE	203779 	52	52
NOV 23 2004	08 30 32 35 51	17	FALSE	34534 	52	52
NOV 19 2004	01 12 24 36 51	38	TRUE	149103829 	52	52
NOV 16 2004	09 10 27 28 30	18	FALSE	280442 	52	52
NOV 12 2004	05 31 33 35 51	1	FALSE	92300 	52	52
NOV 09 2004	11 20 26 28 52	7	FALSE	77533 	52	52
NOV 05 2004	03 29 30 41 43	1	FALSE	242782 	52	52
NOV 02 2004	24 32 42 49 50	3	FALSE	57272 	52	52
OCT 29 2004	10 18 26 31 41	48	FALSE	60111 	52	52
OCT 26 2004	14 25 39 43 49	27	FALSE	57531 	52	52
OCT 22 2004	03 07 20 24 43	36	FALSE	220107 	52	52
OCT 19 2004	06 13 19 34 50	33	FALSE	42510 	52	52
OCT 15 2004	04 08 24 30 36	25	FALSE	48796 	52	52
OCT 12 2004	04 18 19 39 51	13	FALSE	46989 	52	52
OCT 08 2004	16 17 21 33 41	6	FALSE	37965 	52	52
OCT 05 2004	08 34 39 48 49	47	FALSE	31287 	52	52
OCT 01 2004	08 10 17 24 39	52	TRUE	101097713 	52	52
SEP 28 2004	01 18 39 42 50	35	FALSE	249042 	52	52
SEP 24 2004	11 26 30 49 50	52	FALSE	55532 	52	52
SEP 21 2004	01 03 15 19 29	39	FALSE	69664 	52	52
SEP 17 2004	03 16 25 38 49	4	FALSE	54526 	52	52
SEP 14 2004	12 35 37 38 50	49	FALSE	44576 	52	52
SEP 10 2004	11 17 27 45 52	5	FALSE	41691 	52	52
SEP 07 2004	13 30 36 38 51	35	FALSE	35590 	52	52
SEP 03 2004	04 14 34 38 44	10	FALSE	38442 	52	52
AUG 31 2004	14 15 25 42 44	3	FALSE	385320 	52	52
AUG 27 2004	05 25 38 46 47	14	FALSE	29834 	52	52
AUG 24 2004	02 05 21 47 50	46	FALSE	29011 	52	52
AUG 20 2004	12 17 34 37 39	34	TRUE	52052013 	52	52
AUG 17 2004	22 23 26 28 36	10	FALSE	45434 	52	52
AUG 13 2004	14 31 41 45 48	20	FALSE	38629 	52	52
AUG 10 2004	18 25 29 31 44	33	FALSE	39930 	52	52
AUG 06 2004	04 23 33 38 49	7	FALSE	38959 	52	52
AUG 03 2004	01 02 13 16 22	31	FALSE	42412 	52	52
JUL 30 2004	16 19 21 34 35	22	FALSE	36934 	52	52
JUL 27 2004	08 10 11 13 24	46	TRUE	10037463 	52	52
JUL 23 2004	05 12 25 35 37	12	TRUE	47048579 	52	52
JUL 20 2004	06 15 21 32 44	13	FALSE	56309 	52	52
JUL 16 2004	03 21 22 35 44	7	FALSE	44395 	52	52
JUL 13 2004	13 31 37 39 52	38	FALSE	36294 	52	52
JUL 09 2004	11 23 25 29 45	16	FALSE	34999 	52	52
JUL 06 2004	06 07 08 31 48	19	FALSE	34990 	52	52
JUL 02 2004	10 25 38 39 50	12	TRUE	290487834 	52	52
JUN 29 2004	10 13 19 28 38	1	FALSE	192962 	52	52
JUN 25 2004	18 19 29 32 42	32	FALSE	135218 	52	52
JUN 22 2004	09 10 17 41 52	19	FALSE	115004 	52	52
JUN 18 2004	07 10 11 15 51	23	FALSE	99421 	52	52
JUN 15 2004	18 23 27 29 44	24	FALSE	88842 	52	52
JUN 11 2004	12 28 36 39 52	36	FALSE	67603 	52	52
JUN 08 2004	17 24 29 37 45	43	FALSE	56263 	52	52
JUN 04 2004	04 16 18 41 47	46	FALSE	58410 	52	52
JUN 01 2004	07 16 17 26 48	15	FALSE	53916 	52	52
MAY 28 2004	13 27 36 39 51	33	FALSE	44177 	52	52
MAY 25 2004	05 18 34 36 39	43	FALSE	47924 	52	52
MAY 21 2004	04 20 27 38 49	31	FALSE	38901 	52	52
MAY 18 2004	02 36 44 46 51	45	FALSE	34367 	52	52
MAY 14 2004	10 19 32 36 46	6	FALSE	31912 	52	52
MAY 11 2004	09 25 30 34 37	30	FALSE	37872 	52	52
MAY 07 2004	14 17 19 44 50	17	TRUE	66058286 	52	52
MAY 04 2004	03 15 29 37 39	40	FALSE	59677 	52	52
APR 30 2004	15 21 32 39 50	34	FALSE	49478 	52	52
APR 27 2004	01 10 17 23 35	45	FALSE	45239 	52	52
APR 23 2004	08 22 25 47 48	27	FALSE	45670 	52	52
APR 20 2004	12 22 37 46 48	49	FALSE	42944 	52	52
APR 16 2004	06 24 29 42 51	41	FALSE	36025 	52	52
APR 13 2004	13 36 39 50 51	34	FALSE	35359 	52	52
APR 09 2004	02 08 10 11 23	40	TRUE	105119521 	52	52
APR 06 2004	08 17 29 32 39	49	FALSE	80356 	52	52
APR 02 2004	08 17 25 46 47	13	FALSE	72733 	52	52
MAR 30 2004	03 27 31 41 45	33	FALSE	416758 	52	52
MAR 26 2004	08 10 17 37 49	20	FALSE	52829 	52	52
MAR 23 2004	12 22 35 39 46	32	FALSE	228147 	52	52
MAR 19 2004	06 09 14 32 50	4	FALSE	45710 	52	52
MAR 16 2004	03 28 45 49 51	52	FALSE	49626 	52	52
MAR 12 2004	04 29 32 35 36	11	FALSE	49944 	52	52
MAR 09 2004	16 23 29 36 51	49	FALSE	211376 	52	52
MAR 05 2004	30 40 47 49 52	3	FALSE	36230 	52	52
MAR 02 2004	25 30 35 40 50	4	TRUE	20047404 	52	52
FEB 27 2004	02 09 24 36 52	44	FALSE	35664 	52	52
FEB 24 2004	06 11 43 49 52	21	FALSE	38619 	52	52
FEB 20 2004	01 13 20 21 30	24	TRUE	230302146 	52	52
FEB 17 2004	02 08 34 36 52	21	FALSE	150541 	52	52
FEB 13 2004	14 30 42 43 45	30	FALSE	124887 	52	52
FEB 10 2004	03 07 10 22 32	23	FALSE	122014 	52	52
FEB 06 2004	01 06 16 30 49	13	FALSE	291627 	52	52
FEB 03 2004	09 21 26 35 41	17	FALSE	86001 	52	52
JAN 30 2004	17 28 30 40 51	44	FALSE	59500 	52	52
JAN 27 2004	06 10 20 38 50	27	FALSE	63398 	52	52
JAN 23 2004	10 18 33 46 51	13	FALSE	234121 	52	52
JAN 20 2004	05 07 14 21 45	36	FALSE	50359 	52	52
JAN 16 2004	12 26 41 44 49	44	FALSE	45228 	52	52
JAN 13 2004	03 17 18 21 45	21	FALSE	47206 	52	52
JAN 09 2004	24 32 38 47 49	12	FALSE	45371 	52	52
JAN 06 2004	07 13 15 25 32	9	FALSE	29826 	52	52
JAN 02 2004	07 08 36 44 48	9	FALSE	29419 	52	52
DEC 30 2003	12 18 21 32 46	49	TRUE	155158455 	52	52
DEC 26 2003	01 10 17 20 29	36	FALSE	110649 	52	52
DEC 23 2003	02 13 21 22 49	52	FALSE	118602 	52	52
DEC 19 2003	05 10 17 35 39	38	FALSE	62430 	52	52
DEC 16 2003	16 24 31 46 47	47	FALSE	239255 	52	52
DEC 12 2003	09 16 32 45 46	26	FALSE	52347 	52	52
DEC 09 2003	04 14 15 24 48	41	FALSE	404065 	52	52
DEC 05 2003	01 12 15 18 44	42	FALSE	48766 	52	52
DEC 02 2003	10 13 24 34 49	4	FALSE	41384 	52	52
NOV 28 2003	19 26 31 44 50	19	FALSE	31528 	52	52
NOV 25 2003	22 32 37 40 41	52	FALSE	39029 	52	52
NOV 21 2003	14 26 28 36 42	14	FALSE	43531 	52	52
NOV 18 2003	04 11 25 30 52	36	FALSE	34164 	52	52
NOV 14 2003	03 13 31 41 42	52	FALSE	28045 	52	52
NOV 11 2003	02 05 17 21 22	43	TRUE	70061089 	52	52
NOV 07 2003	06 18 23 26 30	31	FALSE	48465 	52	52
NOV 04 2003	16 24 43 44 45	22	FALSE	46401 	52	52
OCT 31 2003	06 12 13 36 46	3	FALSE	41689 	52	52
OCT 28 2003	06 09 20 40 47	26	FALSE	211807 	52	52
OCT 24 2003	08 09 16 30 31	15	FALSE	35103 	52	52
OCT 21 2003	18 34 46 51 52	38	FALSE	31794 	52	52
OCT 17 2003	14 20 31 46 48	18	FALSE	27458 	52	52
OCT 14 2003	18 19 21 33 40	29	FALSE	27262 	52	52
OCT 10 2003	04 19 36 42 48	13	FALSE	26709 	52	52
OCT 07 2003	01 02 22 40 41	43	TRUE	12027419 	52	52
OCT 03 2003	19 21 30 31 52	51	FALSE	26498 	52	52
SEP 30 2003	02 26 37 40 46	49	TRUE	150123715 	52	52
SEP 26 2003	05 29 32 45 52	29	FALSE	270965 	52	52
SEP 23 2003	05 16 24 49 51	28	FALSE	277513 	52	52
SEP 19 2003	13 14 24 34 47	13	FALSE	76136 	52	52
SEP 16 2003	15 20 24 30 46	42	FALSE	73543 	52	52
SEP 12 2003	16 22 23 38 46	45	FALSE	64633 	52	52
SEP 09 2003	14 15 30 39 46	30	FALSE	62253 	52	52
SEP 05 2003	07 09 28 41 42	19	FALSE	72732 	52	52
SEP 02 2003	22 26 27 32 39	14	FALSE	50710 	52	52
AUG 29 2003	08 11 17 42 52	10	FALSE	48614 	52	52
AUG 26 2003	09 28 42 44 49	47	FALSE	40907 	52	52
AUG 22 2003	04 19 31 32 51	31	FALSE	31287 	52	52
AUG 19 2003	07 11 24 28 52	16	FALSE	40106 	52	52
AUG 15 2003	01 16 20 41 52	13	FALSE	37900 	52	52
AUG 12 2003	08 11 18 35 51	26	FALSE	30826 	52	52
AUG 08 2003	06 09 35 40 43	42	TRUE	50059115 	52	52
AUG 05 2003	07 32 34 38 44	49	FALSE	237180 	52	52
AUG 01 2003	02 11 27 30 33	46	FALSE	42850 	52	52
JUL 29 2003	01 17 19 32 42	33	FALSE	45198 	52	52
JUL 25 2003	33 46 47 50 51	30	FALSE	30539 	52	52
JUL 22 2003	01 05 31 38 47	3	FALSE	39655 	52	52
JUL 18 2003	29 30 34 38 44	39	FALSE	32251 	52	52
JUL 15 2003	01 26 33 43 48	22	FALSE	32963 	52	52
JUL 11 2003	01 04 10 16 18	10	TRUE	34050564 	52	52
JUL 08 2003	02 09 27 29 35	18	FALSE	52041 	52	52
JUL 04 2003	06 07 22 37 46	8	FALSE	38997 	52	52
JUL 01 2003	28 32 39 45 48	31	FALSE	217388 	52	52
JUN 27 2003	01 14 20 31 40	43	FALSE	39621 	52	52
JUN 24 2003	02 26 43 44 47	31	FALSE	209062 	52	52
JUN 20 2003	01 02 03 12 37	35	TRUE	180404489 	52	52
JUN 17 2003	27 31 34 40 52	1	FALSE	181614 	52	52
JUN 13 2003	12 15 16 20 51	33	FALSE	144454 	52	52
JUN 10 2003	14 15 23 32 52	37	FALSE	128341 	52	52
JUN 06 2003	10 14 28 39 40	35	FALSE	263864 	52	52
JUN 03 2003	04 20 25 29 32	20	FALSE	107177 	52	52
MAY 30 2003	01 21 28 33 51	3	FALSE	71629 	52	52
MAY 27 2003	10 11 17 20 26	3	FALSE	73057 	52	52
MAY 23 2003	12 20 31 33 50	17	FALSE	61686 	52	52
MAY 20 2003	02 16 36 44 49	3	FALSE	60650 	52	52
MAY 16 2003	05 10 16 26 39	52	FALSE	50581 	52	52
MAY 13 2003	17 20 47 49 50	34	FALSE	42970 	52	52
MAY 09 2003	01 10 20 22 28	39	FALSE	40592 	52	52
MAY 06 2003	05 14 32 44 52	24	FALSE	38825 	52	52
MAY 02 2003	02 05 19 32 34	52	FALSE	34166 	52	52
APR 29 2003	06 08 09 33 35	32	FALSE	37142 	52	52
APR 25 2003	01 12 32 48 51	29	TRUE	46065923 	52	52
APR 22 2003	03 09 15 28 52	7	FALSE	72831 	52	52
APR 18 2003	05 15 24 50 52	3	FALSE	222931 	52	52
APR 15 2003	16 29 31 39 52	21	FALSE	45644 	52	52
APR 11 2003	15 26 27 38 39	46	FALSE	39059 	52	52
APR 08 2003	08 10 24 38 45	6	FALSE	33935 	52	52
APR 04 2003	06 22 28 31 40	18	FALSE	31521 	52	52
APR 01 2003	07 12 26 45 47	36	FALSE	31773 	52	52
MAR 28 2003	08 12 21 27 29	15	TRUE	20039641 	52	52
MAR 25 2003	15 21 37 40 42	7	FALSE	215256 	52	52
MAR 21 2003	06 17 18 40 50	8	FALSE	37637 	52	52
MAR 18 2003	13 14 16 29 49	29	FALSE	40095 	52	52
MAR 14 2003	03 06 14 31 33	8	TRUE	42063964 	52	52
MAR 11 2003	10 15 26 28 39	10	FALSE	57737 	52	52
MAR 07 2003	36 41 33 07 10	32	FALSE	48851 	52	52
MAR 04 2003	02 26 36 37 41	22	FALSE	57540 	52	52
FEB 28 2003	11 16 26 48 49	13	FALSE	50934 	52	52
FEB 25 2003	02 04 06 37 47	38	FALSE	43371 	52	52
FEB 21 2003	21 28 29 40 51	20	FALSE	40984 	52	52
FEB 18 2003	12 22 29 42 50	11	TRUE	12051217 	52	52
FEB 14 2003	11 13 19 32 47	21	FALSE	218429 	52	52
FEB 11 2003	18 20 23 48 49	10	TRUE	125369770 	52	52
FEB 07 2003	03 09 20 26 27	50	FALSE	172272 	52	52
FEB 04 2003	05 12 16 22 24	48	FALSE	115652 	52	52
JAN 31 2003	01 08 09 19 22	21	FALSE	256559 	52	52
JAN 28 2003	13 24 26 32 47	34	FALSE	69927 	52	52
JAN 24 2003	16 31 37 40 41	5	FALSE	73948 	52	52
JAN 21 2003	04 41 48 50 51	23	FALSE	75074 	52	52
JAN 17 2003	25 26 38 42 46	27	FALSE	49799 	52	52
JAN 14 2003	30 39 41 47 52	27	FALSE	47211 	52	52
JAN 10 2003	07 17 18 34 50	18	FALSE	43968 	52	52
JAN 07 2003	15 16 28 34 51	33	FALSE	45079 	52	52
JAN 03 2003	06 14 28 37 46	3	FALSE	37275 	52	52
DEC 31 2002	08 21 29 42 51	34	FALSE	229225 	52	52
DEC 27 2002	11 14 26 30 39	3	FALSE	35869 	52	52
DEC 24 2002	08 24 39 43 52	43	TRUE	63105598 	52	52
DEC 20 2002	10 14 41 46 49	52	FALSE	60477 	52	52
DEC 17 2002	03 07 21 29 49	46	FALSE	63496 	52	52
DEC 13 2002	02 13 14 24 46	34	FALSE	233319 	52	52
DEC 10 2002	03 05 09 16 31	28	FALSE	233450 	52	52
DEC 06 2002	04 08 30 36 52	48	FALSE	49927 	52	52
DEC 03 2002	01 15 19 40 51	26	FALSE	43698 	52	52
NOV 29 2002	08 25 33 42 49	40	FALSE	33347 	52	52
NOV 26 2002	03 21 27 31 43	34	FALSE	35815 	52	52
NOV 22 2002	11 16 19 22 46	5	FALSE	39674 	52	52
NOV 19 2002	07 16 20 40 52	8	TRUE	16225339 	52	52
NOV 15 2002	06 17 44 49 51	39	FALSE	32019 	52	52
NOV 12 2002	03 28 45 48 50	24	FALSE	39913 	52	52
NOV 08 2002	17 19 37 47 48	14	TRUE	93091880 	52	52
NOV 05 2002	02 07 16 28 36	47	FALSE	85414 	52	52
NOV 01 2002	05 10 22 23 43	37	FALSE	72364 	52	52
OCT 29 2002	09 10 14 41 49	35	FALSE	68014 	52	52
OCT 25 2002	08 15 34 39 47	4	FALSE	67054 	52	52
OCT 22 2002	16 20 26 36 48	32	FALSE	61109 	52	52
OCT 18 2002	10 31 40 48 51	38	FALSE	53978 	52	52
OCT 15 2002	06 20 27 34 51	22	FALSE	47596 	52	52
OCT 11 2002	09 11 17 26 41	29	FALSE	40033 	52	52
OCT 08 2002	18 34 43 47 50	25	FALSE	38141 	52	52
OCT 04 2002	10 42 43 45 51	1	FALSE	39690 	52	52
OCT 01 2002	07 21 30 32 37	15	FALSE	46079 	52	52
SEP 27 2002	23 27 30 33 36	5	TRUE	37072184 	52	52
SEP 24 2002	08 32 34 42 50	21	FALSE	55907 	52	52
SEP 20 2002	01 02 04 05 46	8	FALSE	64304 	52	52
SEP 17 2002	07 10 19 26 44	5	FALSE	46045 	52	52
SEP 13 2002	24 32 37 40 51	12	FALSE	42178 	52	52
SEP 10 2002	04 06 10 21 25	21	FALSE	48525 	52	52
SEP 06 2002	31 39 42 49 51	35	TRUE	17057081 	52	52
