APR	04	2015	33	39	40	41	54	28	TRUE	22245	59	35
APR	01	2015	02	30	33	39	44	1	FALSE	20529	59	35
MAR	28	2015	02	04	06	12	38	17	TRUE	22809	59	35
MAR	25	2015	07	19	23	50	54	14	TRUE	41019881	59	35
MAR	21	2015	11	16	30	38	42	7	TRUE	50025348	59	35
MAR	18	2015	14	25	30	33	47	8	TRUE	30809	59	35
MAR	14	2015	08	14	39	46	47	18	TRUE	137034647	59	35
MAR	11	2015	11	24	31	40	44	27	FALSE	44034	59	35
MAR	07	2015	34	36	38	42	50	33	FALSE	41243	59	35
MAR	04	2015	08	12	15	35	50	32	FALSE	28935	59	35
FEB	28	2015	11	17	25	28	46	12	FALSE	25895	59	35
FEB	25	2015	17	19	21	32	39	8	TRUE	24740	59	35
FEB	21	2015	10	14	18	34	51	26	FALSE	21310	59	35
FEB	18	2015	01	09	29	32	49	22	TRUE	21688	59	35
FEB	14	2015	01	24	44	45	51	28	FALSE	21177	59	35
FEB	11	2015	11	13	25	39	54	19	TRUE	502447205	59	35
FEB	07	2015	05	10	21	34	58	33	TRUE	139226	59	35
FEB	04	2015	24	36	51	52	56	22	FALSE	116310	59	35
JAN	31	2015	05	11	16	26	50	34	TRUE	79817	59	35
JAN	28	2015	12	24	35	36	49	1	TRUE	57619	59	35
JAN	24	2015	16	19	20	29	33	10	TRUE	53945	59	35
JAN	21	2015	11	12	15	28	57	23	FALSE	86009	59	35
JAN	17	2015	15	16	23	27	36	9	FALSE	38530	59	35
JAN	14	2015	02	04	10	41	53	22	TRUE	43456	59	35
JAN	10	2015	02	09	19	28	29	19	TRUE	32989	59	35
JAN	07	2015	14	15	47	49	59	10	TRUE	29498	59	35
JAN	03	2015	04	18	43	46	55	25	TRUE	27419	59	35
DEC	31	2014	17	27	37	40	53	35	FALSE	32206	59	35
DEC	27	2014	07	10	11	14	36	15	FALSE	26324	59	35
DEC	24	2014	11	12	46	47	50	22	FALSE	1035151	59	35
DEC	20	2014	14	15	19	31	56	5	FALSE	24657	59	35
DEC	17	2014	22	31	38	47	48	15	FALSE	21629	59	35
DEC	13	2014	05	13	28	43	55	33	FALSE	21603	59	35
DEC	10	2014	34	44	48	54	55	10	FALSE	19381	59	35
DEC	06	2014	12	15	22	43	49	14	FALSE	19810	59	35
DEC	03	2014	25	30	32	46	54	26	FALSE	16426	59	35
NOV	29	2014	13	24	30	42	48	27	TRUE	90042323	59	35
NOV	26	2014	16	17	22	46	54	35	FALSE	24639	59	35
NOV	22	2014	23	49	53	54	57	35	FALSE	21333	59	35
NOV	19	2014	06	36	38	48	51	17	FALSE	20996	59	35
NOV	15	2014	13	16	33	35	51	28	FALSE	1019582	59	35
NOV	12	2014	37	39	51	52	55	11	FALSE	19361	59	35
NOV	08	2014	09	19	33	38	54	15	TRUE	203044411	59	35
NOV	05	2014	02	11	19	21	42	34	FALSE	45247	59	35
NOV	01	2014	01	03	13	25	38	17	FALSE	32391	59	35
OCT	29	2014	25	28	48	57	59	16	FALSE	26407	59	35
OCT	25	2014	06	10	51	54	57	12	FALSE	27067	59	35
OCT	22	2014	29	30	40	42	50	16	FALSE	45174	59	35
OCT	18	2014	20	26	27	36	54	19	FALSE	24301	59	35
OCT	15	2014	05	07	19	27	28	20	FALSE	22597	59	35
OCT	11	2014	10	19	37	38	39	28	FALSE	1028606	59	35
OCT	08	2014	05	16	31	46	50	18	FALSE	39534	59	35
OCT	04	2014	13	18	24	25	33	31	FALSE	20401	59	35
OCT	01	2014	01	04	18	20	45	7	FALSE	21503	59	35
SEP	27	2014	02	11	35	52	54	13	FALSE	20206	59	35
SEP	24	2014	07	14	21	24	41	26	TRUE	225075990	59	35
SEP	20	2014	22	23	30	37	39	16	FALSE	44521	59	35
SEP	17	2014	18	25	36	48	50	23	FALSE	43100	59	35
SEP	13	2014	01	06	16	37	53	27	FALSE	35406	59	35
SEP	10	2014	02	14	39	40	43	13	FALSE	37667	59	35
SEP	06	2014	09	29	31	43	50	18	FALSE	40372	59	35
SEP	03	2014	02	16	43	45	51	35	FALSE	30056	59	35
AUG	30	2014	05	28	31	52	59	27	FALSE	25057	59	35
AUG	27	2014	17	24	26	45	46	19	FALSE	22998	59	35
AUG	23	2014	28	32	35	36	52	31	FALSE	19295	59	35
AUG	20	2014	04	08	21	38	40	3	FALSE	19213	59	35
AUG	16	2014	07	08	17	48	59	9	FALSE	30324	59	35
AUG	13	2014	08	37	39	40	52	24	FALSE	17981	59	35
AUG	09	2014	03	12	31	34	51	24	TRUE	90024323	59	35
AUG	06	2014	01	08	24	28	49	24	FALSE	43191	59	35
AUG	02	2014	12	26	44	46	47	29	FALSE	22944	59	35
JUL	30	2014	13	30	42	49	53	29	FALSE	21430	59	35
JUL	26	2014	24	28	30	38	39	16	FALSE	18641	59	35
JUL	23	2014	04	10	12	22	31	3	FALSE	30687	59	35
JUL	19	2014	10	17	25	45	53	9	TRUE	60023150	59	35
JUL	16	2014	05	15	18	26	32	35	FALSE	21915	59	35
JUL	12	2014	02	03	07	23	51	26	FALSE	20945	59	35
JUL	09	2014	09	25	42	55	57	14	TRUE	122034998	59	35
JUL	05	2014	24	34	36	57	58	11	FALSE	33212	59	35
JUL	02	2014	08	18	45	53	58	35	FALSE	37998	59	35
JUN	28	2014	08	12	34	43	56	9	FALSE	27368	59	35
JUN	25	2014	10	20	25	50	53	35	FALSE	24269	59	35
JUN	21	2014	05	06	37	41	54	26	FALSE	22126	59	35
JUN	18	2014	06	09	29	52	59	7	FALSE	23422	59	35
JUN	14	2014	09	33	42	45	54	30	FALSE	20709	59	35
JUN	11	2014	14	18	25	33	49	23	TRUE	257082733	59	35
JUN	07	2014	28	30	35	58	59	15	FALSE	58983	59	35
JUN	04	2014	01	07	10	22	49	24	FALSE	53043	59	35
MAY	31	2014	15	27	31	34	48	1	FALSE	48769	59	35
MAY	28	2014	02	24	28	32	59	25	FALSE	34650	59	35
MAY	24	2014	15	16	28	49	55	18	FALSE	1031856	59	35
MAY	21	2014	04	20	34	39	58	31	FALSE	26641	59	35
MAY	17	2014	23	32	39	47	49	22	FALSE	25714	59	35
MAY	14	2014	07	33	39	52	55	33	FALSE	22276	59	35
MAY	10	2014	04	31	41	47	55	1	FALSE	22006	59	35
MAY	07	2014	17	29	31	48	49	34	FALSE	21143	59	35
MAY	03	2014	05	15	16	46	49	26	FALSE	20166	59	35
APR	30	2014	02	09	11	19	50	32	FALSE	20851	59	35
APR	26	2014	03	07	22	30	33	20	FALSE	31330	59	35
APR	23	2014	19	25	29	36	48	12	TRUE	150037632	59	35
APR	19	2014	05	06	29	35	51	21	FALSE	43635	59	35
APR	16	2014	34	39	42	44	59	8	FALSE	33235	59	35
APR	12	2014	14	26	45	54	55	20	FALSE	26942	59	35
APR	09	2014	09	14	44	48	49	29	FALSE	27353	59	35
APR	05	2014	11	21	26	33	34	29	FALSE	27560	59	35
APR	02	2014	08	13	19	22	53	24	FALSE	25533	59	35
MAR	29	2014	02	03	12	27	38	17	FALSE	36285	59	35
MAR	26	2014	28	33	41	44	59	21	FALSE	20581	59	35
MAR	22	2014	13	28	31	55	58	15	TRUE	96026895	59	35
MAR	19	2014	02	19	23	34	43	14	FALSE	28754	59	35
MAR	15	2014	02	05	34	51	58	9	FALSE	24296	59	35
MAR	12	2014	14	15	28	37	54	10	FALSE	22154	59	35
MAR	08	2014	10	14	24	32	41	30	FALSE	21161	59	35
MAR	05	2014	03	07	09	26	54	19	FALSE	23059	59	35
MAR	01	2014	03	08	25	30	47	13	TRUE	60027226	59	35
FEB	26	2014	11	12	17	38	42	2	FALSE	21349	59	35
FEB	22	2014	02	03	13	14	54	4	FALSE	21389	59	35
FEB	19	2014	01	17	35	49	54	34	TRUE	400182846	59	35
FEB	15	2014	02	09	14	21	23	3	FALSE	99512	59	35
FEB	12	2014	36	44	49	52	57	1	FALSE	58806	59	35
FEB	08	2014	24	25	34	37	54	29	FALSE	54941	59	35
FEB	05	2014	08	17	32	57	59	24	FALSE	54415	59	35
FEB	01	2014	05	12	15	27	38	7	FALSE	49528	59	35
JAN	29	2014	11	23	28	32	47	20	FALSE	38376	59	35
JAN	25	2014	08	12	18	55	57	2	FALSE	35057	59	35
JAN	22	2014	01	02	07	09	55	29	FALSE	35605	59	35
JAN	18	2014	13	14	19	31	38	25	FALSE	1042618	59	35
JAN	15	2014	07	08	09	24	29	25	FALSE	42023	59	35
JAN	11	2014	10	15	33	48	54	34	FALSE	22608	59	35
JAN	08	2014	10	28	39	47	58	22	FALSE	33861	59	35
JAN	04	2014	19	20	37	41	58	14	FALSE	22896	59	35
JAN	01	2014	15	24	40	48	52	23	FALSE	23225	59	35
DEC	28	2013	08	35	44	51	56	18	FALSE	19762	59	35
DEC	25	2013	23	28	38	39	56	32	TRUE	74036494	59	35
DEC	21	2013	25	36	40	45	51	08	FALSE	23677	59	35
DEC	18	2013	07	24	37	39	40	1	FALSE	35238	59	35
DEC	14	2013	14	25	32	33	41	34	FALSE	30353	59	35
DEC	11	2013	01	10	13	18	19	27	TRUE	122044561	59	35
DEC	07	2013	13	20	32	45	48	17	FALSE	27995	59	35
DEC	04	2013	06	09	11	31	44	25	FALSE	25239	59	35
NOV	30	2013	05	26	44	45	57	29	FALSE	20901	59	35
NOV	27	2013	18	25	50	55	57	17	FALSE	23206	59	35
NOV	23	2013	05	12	43	52	55	10	FALSE	20682	59	35
NOV	20	2013	04	18	23	32	45	7	FALSE	21974	59	35
NOV	16	2013	10	29	37	44	59	10	TRUE	130030759	59	35
NOV	13	2013	05	31	50	55	56	9	FALSE	31065	59	35
NOV	09	2013	03	09	37	49	56	32	FALSE	24560	59	35
NOV	06	2013	01	05	10	15	49	22	FALSE	26992	59	35
NOV	02	2013	13	23	24	27	40	17	FALSE	26267	59	35
OCT	30	2013	02	36	40	49	54	10	FALSE	21057	59	35
OCT	26	2013	04	06	34	49	56	29	FALSE	22555	59	35
OCT	23	2013	03	23	31	34	47	13	TRUE	216060574	59	35
OCT	19	2013	09	33	54	56	57	5	FALSE	57251	59	35
OCT	16	2013	03	26	28	34	42	28	FALSE	40697	59	35
OCT	12	2013	08	10	26	57	58	4	FALSE	1037655	59	35
OCT	09	2013	03	09	19	33	38	18	FALSE	36065	59	35
OCT	05	2013	11	12	17	39	40	5	FALSE	31754	59	35
OCT	02	2013	04	06	25	42	51	17	FALSE	26366	59	35
SEP	28	2013	14	47	52	53	54	05	FALSE	23724	59	35
SEP	25	2013	02	07	17	49	53	23	FALSE	26108	59	35
SEP	21	2013	12	17	45	54	58	13	FALSE	26468	59	35
SEP	18	2013	07	10	22	32	35	19	TRUE	400188823	59	35
SEP	14	2013	01	17	25	37	44	20	FALSE	101070	59	35
SEP	11	2013	11	19	33	42	52	33	FALSE	70682	59	35
SEP	07	2013	02	19	22	26	45	24	FALSE	68588	59	35
SEP	04	2013	02	09	26	45	47	11	FALSE	46949	59	35
AUG	31	2013	02	07	25	40	56	20	FALSE	44245	59	35
AUG	28	2013	06	07	09	19	32	13	FALSE	55046	59	35
AUG	24	2013	12	17	25	45	59	19	FALSE	34305	59	35
AUG	21	2013	30	40	42	46	48	23	FALSE	30641	59	35
AUG	17	2013	18	21	46	54	56	23	FALSE	29492	59	35
AUG	14	2013	04	11	17	43	51	20	FALSE	36093	59	35
AUG	10	2013	04	12	14	37	58	13	FALSE	26901	59	35
AUG	07	2013	05	25	30	58	59	32	TRUE	425289273	59	35
AUG	03	2013	21	24	36	42	45	15	FALSE	1117461	59	35
JUL	31	2013	08	24	39	49	59	05	FALSE	86220	59	35
JUL	27	2013	09	23	40	53	58	6	FALSE	55423	59	35
JUL	24	2013	09	29	40	44	54	7	FALSE	57507	59	35
JUL	20	2013	14	25	27	38	58	06	FALSE	41809	59	35
JUL	17	2013	01	22	34	38	42	17	FALSE	38947	59	35
JUL	13	2013	02	08	22	35	37	06	FALSE	34553	59	35
JUL	10	2013	30	31	45	55	59	27	FALSE	29165	59	35
JUL	06	2013	02	13	35	36	52	11	FALSE	26295	59	35
JUL	03	2013	03	06	29	40	51	4	FALSE	24016	59	35
JUN	29	2013	08	28	30	53	56	16	FALSE	23326	59	35
JUN	26	2013	01	18	33	39	46	33	FALSE	23008	59	35
JUN	22	2013	13	19	23	33	57	28	TRUE	127038618	59	35
JUN	19	2013	07	46	47	52	57	17	FALSE	36814	59	35
JUN	15	2013	28	36	40	48	55	01	FALSE	29780	59	35
JUN	12	2013	16	22	23	42	55	32	FALSE	27747	59	35
JUN	08	2013	02	11	22	26	32	19	FALSE	31621	59	35
JUN	05	2013	04	26	33	36	55	32	FALSE	25357	59	35
JUN	01	2013	22	28	33	53	59	14	FALSE	37446	59	35
MAY	29	2013	09	14	17	49	57	2	TRUE	40023053	59	35
MAY	25	2013	02	06	19	21	27	25	TRUE	50029846	59	35
MAY	22	2013	09	31	35	41	57	26	FALSE	26610	59	35
MAY	18	2013	10	13	14	22	52	11	TRUE	601598156	59	35
MAY	15	2013	02	11	26	34	41	32	FALSE	183311	59	35
MAY	11	2013	06	13	19	23	43	16	FALSE	86656	59	35
MAY	08	2013	21	22	26	30	57	27	FALSE	99341	59	35
MAY	04	2013	07	12	26	36	40	17	FALSE	64711	59	35
MAY	01	2013	22	26	31	54	55	18	FALSE	52929	59	35
APR	27	2013	03	23	48	54	55	5	FALSE	50171	59	35
APR	24	2013	09	19	31	56	59	2	FALSE	57296	59	35
APR	20	2013	06	08	30	39	48	20	FALSE	42394	59	35
APR	17	2013	13	18	36	48	58	28	FALSE	28306	59	35
APR	13	2013	10	12	31	56	57	33	FALSE	29795	59	35
APR	10	2013	01	36	40	52	53	20	FALSE	26120	59	35
APR	06	2013	04	07	08	29	39	24	FALSE	38235	59	35
APR	03	2013	01	06	08	12	35	3	FALSE	26134	59	35
MAR	30	2013	11	23	26	46	55	27	TRUE	50026839	59	35
MAR	27	2013	07	37	43	48	52	16	FALSE	23052	59	35
MAR	23	2013	17	29	31	52	53	31	TRUE	320207261	59	35
MAR	20	2013	13	14	17	43	54	15	FALSE	129251	59	35
MAR	16	2013	03	07	21	44	53	16	FALSE	115381	59	35
MAR	13	2013	05	09	28	32	38	29	FALSE	64119	59	35
MAR	09	2013	10	37	40	46	52	12	FALSE	46727	59	35
MAR	06	2013	06	10	23	41	45	01	FALSE	42079	59	35
MAR	02	2013	03	08	13	41	56	16	FALSE	51489	59	35
FEB	27	2013	03	14	20	34	48	21	FALSE	35952	59	35
FEB	23	2013	02	05	31	39	41	29	FALSE	31577	59	35
FEB	20	2013	03	17	19	25	32	17	FALSE	29930	59	35
FEB	16	2013	15	16	46	50	58	29	FALSE	27968	59	35
FEB	13	2013	12	23	25	27	43	29	FALSE	1026328	59	35
FEB	09	2013	05	06	16	36	58	3	FALSE	26361	59	35
FEB	06	2013	05	27	36	38	41	12	TRUE	208089171	59	35
FEB	02	2013	11	16	33	40	41	34	FALSE	1050858	59	35
JAN	30	2013	14	16	32	47	52	16	FALSE	44996	59	35
JAN	26	2013	03	22	26	41	49	18	FALSE	37268	59	35
JAN	23	2013	11	12	24	43	45	9	FALSE	34817	59	35
JAN	19	2013	08	28	29	34	38	35	FALSE	46026	59	35
JAN	16	2013	09	21	28	32	51	35	FALSE	28721	59	35
JAN	12	2013	10	14	21	23	47	7	FALSE	29933	59	35
JAN	09	2013	11	13	20	27	59	26	FALSE	26515	59	39
JAN	05	2013	26	30	49	51	54	25	FALSE	34592	59	35
JAN	02	2013	18	20	28	35	53	20	FALSE	23677	59	39
DEC	29	2012	36	46	50	52	55	14	FALSE	22548	59	39
DEC	26	2012	11	13	23	43	54	04	TRUE	50026483	59	39
DEC	22	2012	01	18	35	39	44	11	FALSE	25911	59	39
DEC	19	2012	05	08	20	23	30	03	TRUE	50027108	59	39
DEC	15	2012	15	23	40	44	55	14	FALSE	33487	59	39
DEC	12	2012	08	10	25	36	44	28	TRUE	50028595	59	39
DEC	08	2012	07	23	26	40	53	21	FALSE	33921	59	39
DEC	05	2012	13	17	19	27	38	12	FALSE	27861	59	39
DEC	01	2012	03	10	19	36	46	03	FALSE	1026019	59	39
NOV	28	2012	05	16	22	23	29	06	TRUE	550821631	59	39
NOV	24	2012	22	32	37	44	50	34	FALSE	179082	59	39
NOV	21	2012	08	18	24	30	39	26	FALSE	75751	59	39
NOV	17	2012	03	15	27	58	59	20	FALSE	59472	59	39
NOV	14	2012	08	10	30	44	58	13	FALSE	1054423	59	39
NOV	10	2012	32	42	50	54	55	32	FALSE	53207	59	39
NOV	07	2012	32	34	45	52	58	20	FALSE	41946	59	39
NOV	03	2012	04	07	09	30	54	25	FALSE	50682	59	39
OCT	31	2012	01	27	31	45	48	05	FALSE	36485	59	39
OCT	27	2012	22	32	34	36	56	33	FALSE	34395	59	39
OCT	24	2012	03	18	21	23	50	04	FALSE	30249	59	39
OCT	20	2012	04	21	28	31	44	10	FALSE	38214	59	39
OCT	17	2012	01	07	10	23	42	35	FALSE	37410	59	39
OCT	13	2012	02	05	25	26	49	18	FALSE	23662	59	39
OCT	10	2012	18	26	29	35	43	28	FALSE	19786	59	39
OCT	06	2012	15	26	34	36	59	35	FALSE	20750	59	39
OCT	03	2012	17	23	36	55	59	10	TRUE	50022889	59	39
SEP	29	2012	14	18	28	29	57	08	FALSE	22771	59	39
SEP	26	2012	13	26	39	41	42	10	TRUE	201066412	59	39
SEP	22	2012	02	16	18	40	42	33	FALSE	55659	59	39
SEP	19	2012	01	05	08	39	50	23	FALSE	54442	59	39
SEP	15	2012	03	20	26	43	48	01	FALSE	36965	59	39
SEP	12	2012	24	33	36	48	56	06	FALSE	1031595	59	39
SEP	08	2012	06	20	34	44	48	29	FALSE	41347	59	39
SEP	05	2012	04	19	26	42	51	29	FALSE	25755	59	39
SEP	01	2012	08	11	21	44	49	22	FALSE	28236	59	39
AUG	29	2012	25	28	49	54	56	28	FALSE	22917	59	39
AUG	25	2012	01	06	07	20	49	23	FALSE	25173	59	39
AUG	22	2012	22	29	31	47	55	19	FALSE	1031235	59	39
AUG	18	2012	14	26	41	55	59	01	FALSE	19176	59	39
AUG	15	2012	06	27	46	51	56	21	TRUE	320161894	59	39
AUG	11	2012	04	13	39	46	51	01	FALSE	78311	59	39
AUG	08	2012	03	07	11	15	28	12	FALSE	86732	59	39
AUG	04	2012	19	30	48	53	55	18	FALSE	46827	59	39
AUG	01	2012	03	16	48	56	58	04	FALSE	41908	59	39
JUL	28	2012	05	06	13	36	50	13	FALSE	40765	59	39
JUL	25	2012	03	14	35	38	46	16	FALSE	35597	59	39
JUL	21	2012	09	31	38	54	56	20	FALSE	33079	59	39
JUL	18	2012	02	05	20	23	57	03	FALSE	43742	59	39
JUL	14	2012	04	16	32	37	46	13	FALSE	30211	59	39
JUL	11	2012	05	22	36	49	55	23	FALSE	28347	59	39
JUL	07	2012	03	05	29	39	59	29	FALSE	1025939	59	39
JUL	04	2012	14	19	35	39	56	33	FALSE	21945	59	39
JUN	30	2012	07	15	20	41	44	22	FALSE	20829	59	39
JUN	27	2012	06	34	40	46	58	06	FALSE	17988	59	39
JUN	23	2012	01	03	41	44	53	30	TRUE	60022540	59	39
JUN	20	2012	11	17	29	56	57	14	FALSE	22155	59	39
JUN	16	2012	08	14	15	16	27	26	FALSE	21900	59	39
JUN	13	2012	07	10	14	33	57	18	TRUE	240057235	59	39
JUN	09	2012	18	22	45	56	57	27	FALSE	52342	59	39
JUN	06	2012	19	30	33	48	59	27	FALSE	66129	59	39
JUN	02	2012	09	10	17	29	45	33	FALSE	52868	59	39
MAY	30	2012	09	10	24	52	56	14	FALSE	34970	59	39
MAY	26	2012	13	14	41	49	59	14	FALSE	34084	59	39
MAY	23	2012	04	07	26	53	59	32	FALSE	38765	59	39
MAY	19	2012	08	13	35	46	51	30	FALSE	28934	59	39
MAY	16	2012	03	07	21	28	43	02	FALSE	26503	59	39
MAY	12	2012	10	24	35	53	58	22	FALSE	23873	59	39
MAY	09	2012	01	07	11	55	56	01	FALSE	21904	59	39
MAY	05	2012	09	12	20	44	59	23	FALSE	22955	59	39
MAY	02	2012	07	08	33	38	50	29	FALSE	19475	59	39
APR	28	2012	31	39	40	57	58	33	FALSE	19402	59	39
APR	25	2012	04	25	29	34	43	29	TRUE	173037924	59	39
APR	21	2012	06	08	20	42	51	16	FALSE	33721	59	39
APR	18	2012	20	22	39	46	49	29	FALSE	32401	59	39
APR	14	2012	14	15	16	19	24	02	FALSE	42848	59	39
APR	11	2012	16	23	42	44	47	02	FALSE	27506	59	39
APR	07	2012	05	13	17	20	30	18	FALSE	28939	59	39
APR	04	2012	01	24	33	45	49	06	FALSE	26933	59	39
MAR	31	2012	05	14	36	54	58	27	FALSE	37673	59	39
MAR	28	2012	11	16	29	50	58	33	FALSE	28070	59	39
MAR	24	2012	01	15	35	37	47	08	FALSE	23995	59	39
MAR	21	2012	32	43	53	55	56	06	TRUE	70024024	59	39
MAR	17	2012	11	14	49	55	58	30	FALSE	23671	59	39
MAR	14	2012	01	08	41	46	59	24	FALSE	22313	59	39
MAR	10	2012	05	14	17	20	41	05	FALSE	1025782	59	39
MAR	07	2012	12	35	45	46	47	12	TRUE	60027232	59	39
MAR	03	2012	29	30	45	47	49	35	FALSE	27148	59	39
FEB	29	2012	01	04	11	23	26	14	FALSE	26310	59	39
FEB	25	2012	06	11	42	53	54	07	TRUE	70031926	59	39
FEB	22	2012	07	16	17	39	51	32	FALSE	27587	59	39
FEB	18	2012	23	28	50	56	59	05	FALSE	28778	59	39
FEB	15	2012	11	12	32	52	56	11	FALSE	29954	59	39
FEB	11	2012	01	10	37	52	57	11	TRUE	325157102	59	39
FEB	08	2012	17	28	38	39	51	33	FALSE	95697	59	39
FEB	04	2012	15	23	43	45	56	07	FALSE	73066	59	39
FEB	01	2012	08	13	17	34	59	35	FALSE	51608	59	39
JAN	28	2012	05	33	41	54	59	13	FALSE	46249	59	39
JAN	25	2012	04	19	28	29	47	05	FALSE	1040240	59	39
JAN	21	2012	12	24	43	44	45	07	FALSE	31624	59	39
JAN	18	2012	06	29	34	44	50	28	FALSE	25257	59	39
JAN	14	2012	10	30	36	38	41	01	FALSE	36668	59	39
JAN	11	2012	05	19	29	45	47	25	FALSE	44581	59	39
JAN	07	2012	03	21	24	38	39	24	FALSE	33564	59	39
JAN	04	2012	21	35	46	47	50	02	FALSE	38900	59	39
DEC	31	2011	05	23	25	28	40	34	FALSE	31340	59	39
DEC	28	2011	16	21	27	41	45	14	FALSE	24330	59	39
DEC	24	2011	14	16	30	51	52	19	TRUE	125069207	59	39
DEC	21	2011	10	13	15	31	54	18	FALSE	65777	59	39
DEC	17	2011	13	28	49	51	59	33	FALSE	48099	59	39
DEC	14	2011	02	24	46	52	56	19	FALSE	33763	59	39
DEC	10	2011	04	19	33	41	59	09	FALSE	35136	59	39
DEC	07	2011	03	14	20	39	40	37	FALSE	29995	59	39
DEC	03	2011	05	18	33	43	45	08	FALSE	30610	59	39
NOV	30	2011	02	06	34	35	47	22	FALSE	25848	59	39
NOV	26	2011	20	37	39	45	55	28	FALSE	21059	59	39
NOV	23	2011	04	30	35	57	59	25	FALSE	27371	59	39
NOV	19	2011	09	16	17	28	30	11	TRUE	60036923	59	39
NOV	16	2011	13	22	25	39	51	28	FALSE	42105	59	39
NOV	12	2011	04	35	36	51	56	08	FALSE	33597	59	39
NOV	09	2011	05	35	57	58	59	12	FALSE	27927	59	39
NOV	05	2011	02	33	39	40	43	26	FALSE	36419	59	39
NOV	02	2011	12	14	34	39	46	36	TRUE	245095961	59	39
OCT	29	2011	11	16	40	51	56	38	FALSE	83602	59	39
OCT	26	2011	01	18	21	39	55	06	FALSE	63978	59	39
OCT	22	2011	03	08	23	30	58	13	FALSE	60423	59	39
OCT	19	2011	16	26	35	52	58	02	FALSE	49782	59	39
OCT	15	2011	05	10	24	38	43	01	FALSE	47509	59	39
OCT	12	2011	10	12	23	43	47	18	FALSE	38094	59	39
OCT	08	2011	03	27	35	37	45	31	FALSE	34086	59	39
OCT	05	2011	07	20	43	46	54	17	FALSE	33103	59	39
OCT	01	2011	01	12	23	27	43	31	FALSE	28901	59	39
SEP	28	2011	30	41	50	51	53	08	FALSE	25844	59	39
SEP	24	2011	03	04	12	27	44	26	FALSE	27191	59	39
SEP	21	2011	12	47	48	52	55	13	FALSE	25587	59	39
SEP	17	2011	06	20	22	32	43	11	FALSE	27758	59	39
SEP	14	2011	16	41	42	50	59	05	TRUE	25026485	59	39
SEP	10	2011	04	19	22	32	53	24	FALSE	48390	59	39
SEP	07	2011	03	05	18	27	54	13	TRUE	107064130	59	39
SEP	03	2011	15	25	52	53	54	02	FALSE	42732	59	39
AUG	31	2011	13	19	35	47	57	29	FALSE	39141	59	39
AUG	27	2011	02	12	25	54	58	14	FALSE	40196	59	39
AUG	24	2011	09	13	47	49	53	39	FALSE	35555	59	39
AUG	20	2011	02	17	23	28	47	36	FALSE	31028	59	39
AUG	17	2011	18	28	31	48	52	37	FALSE	236660	59	39
AUG	13	2011	09	12	35	50	58	04	FALSE	30572	59	39
AUG	10	2011	11	18	36	41	46	38	TRUE	220292616	59	39
AUG	06	2011	25	30	54	57	59	06	FALSE	64669	59	39
AUG	03	2011	13	19	21	28	49	11	FALSE	65579	59	39
JUL	30	2011	20	40	41	47	55	19	FALSE	53867	59	39
JUL	27	2011	38	40	41	51	59	33	FALSE	52849	59	39
JUL	23	2011	01	07	27	38	48	30	FALSE	44459	59	39
JUL	20	2011	01	04	38	40	42	17	FALSE	40405	59	39
JUL	16	2011	24	28	48	50	54	25	FALSE	36393	59	39
JUL	13	2011	08	18	19	32	54	08	FALSE	36557	59	39
JUL	09	2011	01	09	11	23	31	06	FALSE	51632	59	39
JUL	06	2011	11	15	24	50	55	08	FALSE	26075	59	39
JUL	02	2011	01	11	18	29	51	32	FALSE	36201	59	39
JUN	29	2011	24	30	45	57	59	26	TRUE	76051940	59	39
JUN	25	2011	18	36	39	41	57	12	FALSE	32947	59	39
JUN	22	2011	12	15	19	46	59	12	FALSE	30053	59	39
JUN	18	2011	12	21	22	38	41	18	FALSE	27999	59	39
JUN	15	2011	19	20	38	41	43	29	FALSE	26651	59	39
JUN	11	2011	16	18	27	36	50	08	FALSE	28886	59	39
JUN	08	2011	14	37	44	45	53	29	TRUE	25039645	59	39
JUN	04	2011	17	19	39	41	58	21	FALSE	32106	59	39
JUN	01	2011	08	18	38	46	56	31	TRUE	200286365	59	39
MAY	28	2011	12	20	43	51	55	11	FALSE	70925	59	39
MAY	25	2011	04	23	31	42	50	23	FALSE	269367	59	39
MAY	21	2011	02	08	40	49	50	36	FALSE	54406	59	39
MAY	18	2011	07	12	13	42	49	16	FALSE	61444	59	39
MAY	14	2011	08	17	18	40	44	16	FALSE	45865	59	39
MAY	11	2011	09	17	32	43	45	31	FALSE	42504	59	39
MAY	07	2011	02	11	27	47	55	15	FALSE	47346	59	39
MAY	04	2011	03	15	27	29	41	24	FALSE	231414	59	39
APR	30	2011	06	13	15	32	41	03	FALSE	28290	59	39
APR	27	2011	04	24	40	44	55	05	FALSE	28094	59	39
APR	23	2011	03	11	47	48	58	19	TRUE	72065161	59	39
APR	20	2011	09	24	34	36	43	27	FALSE	51187	59	39
APR	16	2011	21	33	44	45	55	07	FALSE	35761	59	39
APR	13	2011	04	23	39	49	50	39	FALSE	28981	59	39
APR	09	2011	05	14	32	53	56	11	FALSE	240885	59	39
APR	06	2011	10	18	41	55	56	15	TRUE	218083337	59	39
APR	02	2011	06	22	34	43	45	23	FALSE	69530	59	39
MAR	30	2011	19	20	42	56	58	37	FALSE	66672	59	39
MAR	26	2011	04	10	11	19	33	27	FALSE	91672	59	39
MAR	23	2011	05	15	26	28	32	09	FALSE	52093	59	39
MAR	19	2011	03	11	20	27	46	08	FALSE	50811	59	39
MAR	16	2011	28	39	40	48	53	09	FALSE	44361	59	39
MAR	12	2011	01	04	12	41	47	03	FALSE	32753	59	39
MAR	09	2011	12	20	28	40	48	08	FALSE	40856	59	39
MAR	05	2011	02	23	31	42	48	21	FALSE	48978	59	39
MAR	02	2011	07	31	50	51	58	06	FALSE	28456	59	39
FEB	26	2011	04	13	17	21	45	10	TRUE	184080660	59	39
FEB	23	2011	29	32	36	39	49	29	FALSE	70044	59	39
FEB	19	2011	03	12	34	37	42	36	FALSE	66263	59	39
FEB	16	2011	09	13	21	23	48	24	FALSE	58023	59	39
FEB	12	2011	11	32	36	48	52	19	FALSE	252319	59	39
FEB	09	2011	07	11	39	42	51	30	FALSE	39718	59	39
FEB	05	2011	15	37	41	56	59	05	FALSE	37604	59	39
FEB	02	2011	03	14	33	53	57	36	FALSE	28213	59	39
JAN	29	2011	24	28	45	49	52	02	FALSE	25479	59	39
JAN	26	2011	04	05	36	47	58	06	FALSE	26132	59	39
JAN	22	2011	30	31	34	45	51	23	TRUE	118063922	59	39
JAN	19	2011	22	36	51	56	59	32	FALSE	43972	59	39
JAN	15	2011	09	13	22	23	37	31	FALSE	252121	59	39
JAN	12	2011	19	21	23	40	48	27	FALSE	39145	59	39
JAN	08	2011	06	07	26	33	52	24	FALSE	33945	59	39
JAN	05	2011	22	26	32	38	40	07	FALSE	39559	59	39
JAN	01	2011	18	22	37	47	54	36	FALSE	50217	59	39
DEC	29	2010	03	16	18	20	37	30	FALSE	35677	59	39
DEC	25	2010	01	17	38	50	52	24	TRUE	46030795	59	39
DEC	22	2010	11	33	44	46	47	12	FALSE	39376	59	39
DEC	18	2010	04	11	19	33	43	14	FALSE	26776	59	39
DEC	15	2010	10	11	18	32	45	18	FALSE	33730	59	39
DEC	11	2010	01	08	10	19	20	23	TRUE	37032978	59	39
DEC	08	2010	08	11	25	41	58	16	FALSE	25955	59	39
DEC	04	2010	13	24	27	31	42	22	FALSE	28423	59	39
DEC	01	2010	05	10	11	12	20	02	TRUE	95056908	59	39
NOV	27	2010	10	30	37	47	54	39	FALSE	31693	59	39
NOV	24	2010	08	20	21	32	37	04	FALSE	35909	59	39
NOV	20	2010	10	12	38	53	57	01	FALSE	41611	59	39
NOV	17	2010	14	16	53	54	59	05	FALSE	27737	59	39
NOV	13	2010	17	30	48	51	54	29	FALSE	26975	59	39
NOV	10	2010	05	08	11	40	44	10	FALSE	28879	59	39
NOV	06	2010	07	12	23	34	38	33	TRUE	123075193	59	39
NOV	03	2010	34	38	39	45	50	33	FALSE	59425	59	39
OCT	30	2010	01	07	27	36	49	39	FALSE	37642	59	39
OCT	27	2010	20	24	25	53	59	15	FALSE	42225	59	39
OCT	23	2010	02	07	16	20	46	34	FALSE	30901	59	39
OCT	20	2010	07	17	20	39	59	17	FALSE	30408	59	39
OCT	16	2010	11	12	15	16	28	11	FALSE	29685	59	39
OCT	13	2010	12	22	32	34	46	02	FALSE	26709	59	39
OCT	09	2010	02	06	32	42	49	35	FALSE	26098	59	39
OCT	06	2010	14	26	37	41	46	24	TRUE	60036458	59	39
OCT	02	2010	12	20	30	36	47	25	FALSE	35330	59	39
SEP	29	2010	13	44	51	52	55	30	FALSE	39944	59	39
SEP	25	2010	08	16	27	35	42	30	FALSE	40677	59	39
SEP	22	2010	10	24	36	52	55	15	FALSE	29162	59	39
SEP	18	2010	01	18	37	39	44	13	TRUE	112064890	59	39
SEP	15	2010	07	20	21	34	43	34	FALSE	244634	59	39
SEP	11	2010	07	17	20	36	59	33	FALSE	50186	59	39
SEP	08	2010	10	35	39	51	57	20	FALSE	36316	59	39
SEP	04	2010	11	14	22	33	42	38	FALSE	55190	59	39
SEP	01	2010	17	20	21	40	51	19	FALSE	30163	59	39
AUG	28	2010	04	22	27	32	56	13	FALSE	38392	59	39
AUG	25	2010	16	17	29	31	36	23	FALSE	25928	59	39
AUG	21	2010	07	10	12	22	27	26	TRUE	80051037	59	39
AUG	18	2010	04	32	33	47	55	39	FALSE	33448	59	39
AUG	14	2010	09	33	36	50	58	31	FALSE	32518	59	39
AUG	11	2010	07	10	22	23	52	29	FALSE	41754	59	39
AUG	07	2010	04	22	26	31	52	30	FALSE	27720	59	39
AUG	04	2010	19	28	30	37	53	36	FALSE	26351	59	39
JUL	31	2010	01	16	17	41	57	15	TRUE	85041874	59	39
JUL	28	2010	01	11	20	25	27	02	FALSE	49936	59	39
JUL	24	2010	20	30	38	46	59	27	FALSE	35958	59	39
JUL	21	2010	16	22	30	51	58	25	FALSE	41781	59	39
JUL	17	2010	22	27	35	37	45	03	FALSE	28662	59	39
JUL	14	2010	20	21	23	38	42	06	FALSE	28064	59	39
JUL	10	2010	20	21	27	28	56	04	TRUE	72039105	59	39
JUL	07	2010	10	41	44	48	56	04	FALSE	46393	59	39
JUL	03	2010	03	10	14	52	53	03	FALSE	38063	59	39
JUN	30	2010	06	38	43	47	48	27	FALSE	32110	59	39
JUN	26	2010	13	30	32	38	57	25	FALSE	30744	59	39
JUN	23	2010	11	30	45	47	48	10	TRUE	97048697	59	39
JUN	19	2010	09	30	31	50	54	39	FALSE	55580	59	39
JUN	16	2010	08	11	18	29	36	06	FALSE	44402	59	39
JUN	12	2010	09	12	13	35	38	30	FALSE	50528	59	39
JUN	09	2010	14	22	27	32	49	05	FALSE	38571	59	39
JUN	05	2010	18	34	40	48	59	25	FALSE	37056	59	39
JUN	02	2010	04	09	14	39	43	38	TRUE	260105677	59	39
MAY	29	2010	01	03	24	28	41	10	FALSE	87865	59	39
MAY	26	2010	01	06	10	13	20	32	FALSE	75746	59	39
MAY	22	2010	19	20	40	47	57	29	FALSE	64877	59	39
MAY	19	2010	02	07	29	55	58	27	FALSE	60850	59	39
MAY	15	2010	15	21	23	28	36	20	FALSE	53908	59	39
MAY	12	2010	37	51	52	53	58	38	FALSE	48967	59	39
MAY	08	2010	05	22	34	41	57	31	FALSE	54561	59	39
MAY	05	2010	13	34	40	47	57	11	FALSE	61968	59	39
MAY	01	2010	16	23	25	49	58	20	FALSE	46889	59	39
APR	28	2010	12	22	25	28	44	24	FALSE	34132	59	39
APR	24	2010	01	12	53	56	57	05	FALSE	233524	59	39
APR	21	2010	11	34	41	49	55	20	TRUE	252108776	59	39
APR	17	2010	05	21	22	41	49	15	FALSE	100842	59	39
APR	14	2010	06	14	32	38	52	20	FALSE	85022	59	39
APR	10	2010	21	22	49	52	58	34	FALSE	55902	59	39
APR	07	2010	04	36	40	44	52	33	FALSE	54471	59	39
APR	03	2010	10	15	31	52	59	04	FALSE	55195	59	39
MAR	31	2010	05	13	17	45	54	12	FALSE	76728	59	39
MAR	27	2010	07	21	32	44	52	10	FALSE	43920	59	39
MAR	24	2010	14	20	24	39	49	07	FALSE	40768	59	39
MAR	20	2010	09	36	39	44	45	09	FALSE	36875	59	39
MAR	17	2010	24	26	45	48	55	08	FALSE	234866	59	39
MAR	13	2010	06	16	20	31	36	08	TRUE	200074377	59	39
MAR	10	2010	17	21	37	41	50	01	FALSE	69244	59	39
MAR	06	2010	10	29	33	41	59	15	FALSE	59722	59	39
MAR	03	2010	07	09	14	45	49	23	FALSE	70628	59	39
FEB	27	2010	18	47	51	53	58	30	FALSE	51075	59	39
FEB	24	2010	04	17	35	50	57	12	FALSE	48935	59	39
FEB	20	2010	13	27	37	41	54	32	FALSE	47489	59	39
FEB	17	2010	07	08	19	26	36	15	FALSE	58004	59	39
FEB	13	2010	10	14	30	40	51	01	FALSE	46349	59	39
FEB	10	2010	05	08	29	37	38	34	FALSE	37015	59	39
FEB	06	2010	14	22	52	54	59	04	TRUE	140060058	59	39
FEB	03	2010	17	22	36	37	52	24	FALSE	83510	59	39
JAN	30	2010	26	35	48	47	06	21	FALSE	0	59	39
JAN	27	2010	15	26	31	06	20	09	FALSE	0	59	39
JAN	23	2010	53	16	15	42	20	17	FALSE	0	59	39
JAN	20	2010	46	15	43	44	32	19	FALSE	0	59	39
JAN	16	2010	41	08	07	55	23	23	FALSE	0	59	39
JAN	13	2010	32	15	08	11	50	27	FALSE	0	59	39
JAN	09	2010	41	44	20	54	50	22	FALSE	0	59	39
JAN	06	2010	56	27	29	20	58	31	FALSE	0	59	39
JAN	02	2010	23	03	07	42	27	37	TRUE	25000000	59	39
DEC	30	2009	05	52	14	38	39	06	FALSE	0	59	39
DEC	26	2009	53	41	36	32	37	30	TRUE	128600000	59	39
DEC	23	2009	52	08	49	51	32	23	FALSE	0	59	39
DEC	19	2009	24	41	17	47	39	21	FALSE	0	59	39
DEC	16	2009	23	43	25	35	13	15	FALSE	0	59	39
DEC	12	2009	14	41	12	13	35	29	FALSE	0	59	39
DEC	09	2009	58	12	05	01	13	21	FALSE	0	59	39
DEC	05	2009	41	58	27	39	44	17	FALSE	0	59	39
DEC	02	2009	37	46	14	34	55	37	FALSE	0	59	39
NOV	28	2009	46	50	27	28	26	21	FALSE	0	59	39
NOV	25	2009	18	13	04	59	49	05	FALSE	0	59	39
NOV	21	2009	26	36	07	49	58	04	TRUE	32800000	59	39
NOV	18	2009	58	59	32	50	42	31	FALSE	0	59	39
NOV	14	2009	57	30	19	48	32	14	FALSE	0	59	39
NOV	11	2009	12	08	22	29	14	22	TRUE	96600000	59	39
NOV	07	2009	32	37	46	50	07	26	FALSE	0	59	39
NOV	04	2009	51	10	45	11	14	17	FALSE	0	59	39
OCT	31	2009	19	26	54	41	02	23	FALSE	0	59	39
OCT	28	2009	51	46	26	03	11	23	FALSE	0	59	39
OCT	24	2009	38	22	59	49	14	16	FALSE	0	59	39
OCT	21	2009	34	51	45	06	16	04	FALSE	0	59	39
OCT	17	2009	16	05	49	30	25	39	FALSE	0	59	39
OCT	14	2009	15	30	05	40	25	06	TRUE	31400000	59	39
OCT	10	2009	45	49	50	13	32	30	FALSE	0	59	39
OCT	07	2009	02	50	38	21	20	22	FALSE	0	59	39
OCT	03	2009	50	57	24	12	48	22	TRUE	189000000	59	39
SEP	30	2009	52	54	41	42	57	30	FALSE	0	59	39
SEP	26	2009	34	20	36	39	18	19	FALSE	0	59	39
SEP	23	2009	07	08	29	20	25	11	FALSE	0	59	39
SEP	19	2009	25	24	49	30	05	23	FALSE	0	59	39
SEP	16	2009	17	56	37	40	51	25	FALSE	0	59	39
SEP	12	2009	13	28	56	41	38	25	FALSE	0	59	39
SEP	09	2009	16	18	51	53	04	23	FALSE	0	59	39
SEP	05	2009	35	27	16	09	57	29	FALSE	0	59	39
SEP	02	2009	23	47	36	18	59	36	FALSE	0	59	39
AUG	29	2009	01	53	20	37	52	33	FALSE	0	59	39
AUG	26	2009	43	23	01	21	30	11	FALSE	0	59	39
AUG	22	2009	06	51	03	20	32	23	FALSE	0	59	39
AUG	19	2009	43	14	31	51	24	27	TRUE	259900000	59	39
AUG	15	2009	14	26	32	15	36	12	FALSE	0	59	39
AUG	12	2009	32	10	25	47	34	05	FALSE	0	59	39
AUG	08	2009	45	37	50	33	04	11	FALSE	0	59	39
AUG	05	2009	34	25	41	49	46	29	FALSE	0	59	39
AUG	01	2009	53	37	46	39	05	08	FALSE	0	59	39
JUL	29	2009	38	02	43	05	59	08	FALSE	0	59	39
JUL	25	2009	33	05	52	46	17	09	FALSE	0	59	39
JUL	22	2009	06	22	04	16	32	11	FALSE	0	59	39
JUL	18	2009	21	26	47	04	28	37	FALSE	0	59	39
JUL	15	2009	26	50	57	52	51	37	FALSE	0	59	39
JUL	11	2009	39	01	04	42	20	02	FALSE	0	59	39
JUL	08	2009	50	56	42	53	19	39	FALSE	0	59	39
JUL	04	2009	22	04	41	44	09	14	FALSE	0	59	39
JUL	01	2009	38	53	09	52	32	15	FALSE	0	59	39
JUN	27	2009	48	39	26	18	22	17	TRUE	25000000	59	39
JUN	24	2009	53	24	51	16	18	16	FALSE	0	59	39
JUN	20	2009	28	22	03	11	18	33	TRUE	88100000	59	39
JUN	17	2009	53	09	37	05	42	27	FALSE	0	59	39
JUN	13	2009	20	41	13	35	16	06	FALSE	0	59	39
JUN	10	2009	26	42	58	27	15	37	FALSE	0	59	39
JUN	06	2009	45	10	23	30	18	02	FALSE	0	59	39
JUN	03	2009	22	20	32	16	37	09	FALSE	0	59	39
MAY	30	2009	51	42	01	59	23	20	FALSE	0	59	39
MAY	27	2009	05	16	06	21	12	07	TRUE	232100000	59	39
MAY	23	2009	52	19	57	34	23	21	FALSE	0	59	39
MAY	20	2009	23	30	42	35	31	06	FALSE	0	59	39
MAY	16	2009	06	07	40	56	31	38	FALSE	0	59	39
MAY	13	2009	30	40	37	32	19	37	FALSE	0	59	39
MAY	09	2009	49	32	04	15	58	21	FALSE	0	59	39
MAY	06	2009	12	07	22	31	08	18	FALSE	0	59	39
MAY	02	2009	45	20	38	42	03	27	FALSE	0	59	39
APR	29	2009	06	36	50	19	59	13	FALSE	0	59	39
APR	25	2009	52	42	30	08	26	15	FALSE	0	59	39
APR	22	2009	30	15	48	22	37	12	FALSE	0	59	39
APR	18	2009	07	28	44	43	15	20	FALSE	0	59	39
APR	15	2009	59	22	26	16	27	05	FALSE	0	59	39
APR	11	2009	46	49	07	35	28	20	FALSE	0	59	39
APR	08	2009	52	56	01	06	48	09	TRUE	144000000	59	39
APR	04	2009	21	57	58	14	50	07	FALSE	0	59	39
APR	01	2009	02	33	41	54	09	14	FALSE	0	59	39
MAR	28	2009	48	02	16	41	03	19	FALSE	0	59	39
MAR	25	2009	23	47	10	20	54	26	FALSE	0	59	39
MAR	21	2009	49	27	23	52	19	21	FALSE	0	59	39
MAR	18	2009	16	29	26	45	41	01	FALSE	0	59	39
MAR	14	2009	07	44	33	30	51	10	FALSE	0	59	39
MAR	11	2009	13	07	47	03	34	30	FALSE	0	59	39
MAR	07	2009	59	27	56	28	21	21	FALSE	0	59	39
MAR	04	2009	06	01	44	55	49	36	FALSE	0	59	39
FEB	28	2009	03	58	16	20	42	07	TRUE	173000000	59	39
FEB	25	2009	32	49	42	56	17	11	FALSE	0	59	39
FEB	21	2009	31	46	13	45	41	21	FALSE	0	59	39
FEB	18	2009	44	15	56	39	02	15	FALSE	0	59	39
FEB	14	2009	33	08	45	09	02	05	FALSE	0	59	39
FEB	11	2009	05	22	45	49	10	37	FALSE	0	59	39
FEB	07	2009	18	53	05	28	20	27	FALSE	0	59	39
FEB	04	2009	24	44	30	32	07	18	FALSE	0	59	39
JAN	31	2009	33	26	14	41	01	37	FALSE	0	59	39
JAN	28	2009	10	32	18	05	23	04	FALSE	0	59	39
JAN	24	2009	06	37	42	20	25	25	FALSE	0	59	39
JAN	21	2009	26	20	54	46	38	23	FALSE	0	59	39
JAN	17	2009	09	05	59	23	02	26	TRUE	163200000	59	39
JAN	14	2009	46	34	25	08	39	34	FALSE	0	59	39
JAN	10	2009	08	56	10	18	43	09	FALSE	0	59	39
JAN	07	2009	31	52	23	33	38	24	FALSE	0	59	39
JAN	03	2009	38	22	55	24	17	24	FALSE	0	55	42
DEC	31	2008	11	53	08	07	17	36	FALSE	0	55	42
DEC	27	2008	12	43	15	31	26	10	FALSE	0	55	42
DEC	24	2008	17	02	32	22	41	08	FALSE	0	55	42
DEC	20	2008	03	19	32	54	14	24	FALSE	0	55	42
DEC	17	2008	11	07	30	24	18	26	FALSE	0	55	42
DEC	13	2008	40	14	28	26	31	13	FALSE	0	55	42
DEC	10	2008	37	06	41	24	15	37	FALSE	0	55	42
DEC	06	2008	53	09	39	43	35	10	FALSE	0	55	42
DEC	03	2008	17	21	25	16	55	03	FALSE	0	55	42
NOV	29	2008	05	55	33	39	36	21	FALSE	0	55	42
NOV	26	2008	11	31	52	26	34	14	FALSE	0	55	42
NOV	22	2008	19	32	26	45	17	14	TRUE	57600000	55	42
NOV	19	2008	08	45	13	39	38	31	FALSE	0	55	42
NOV	15	2008	07	44	08	12	03	37	FALSE	0	55	42
NOV	12	2008	18	45	25	01	29	02	FALSE	0	55	42
NOV	08	2008	40	36	04	21	02	41	FALSE	0	55	42
NOV	05	2008	18	33	36	04	08	32	FALSE	0	55	42
NOV	01	2008	40	04	41	06	26	15	FALSE	0	55	42
OCT	29	2008	37	50	20	30	52	33	TRUE	58600000	55	42
OCT	25	2008	48	01	03	38	14	02	FALSE	0	55	42
OCT	22	2008	17	52	10	33	51	05	FALSE	0	55	42
OCT	18	2008	40	10	14	32	49	15	FALSE	0	55	42
OCT	15	2008	03	13	38	32	48	13	FALSE	0	55	42
OCT	11	2008	39	03	17	47	07	09	FALSE	0	55	42
OCT	08	2008	48	12	54	17	02	02	FALSE	0	55	42
OCT	04	2008	39	04	32	01	26	18	TRUE	20000000	55	42
OCT	01	2008	43	39	08	09	55	26	FALSE	0	55	42
SEP	27	2008	40	24	13	29	52	29	TRUE	206900000	55	42
SEP	24	2008	32	36	13	21	05	33	FALSE	0	55	42
SEP	20	2008	47	30	40	28	06	24	FALSE	0	55	42
SEP	17	2008	12	26	32	23	44	20	FALSE	0	55	42
SEP	13	2008	29	17	07	51	43	38	FALSE	0	55	42
SEP	10	2008	37	28	15	53	14	18	FALSE	0	55	42
SEP	06	2008	26	54	49	25	17	11	FALSE	0	55	42
SEP	03	2008	49	38	40	46	50	34	FALSE	0	55	42
AUG	30	2008	14	32	47	02	15	36	FALSE	0	55	42
AUG	27	2008	13	49	31	48	36	11	FALSE	0	55	42
AUG	23	2008	47	33	18	48	24	23	FALSE	0	55	42
AUG	20	2008	15	24	47	35	16	26	FALSE	0	55	42
AUG	16	2008	05	43	34	52	40	20	FALSE	0	55	42
AUG	13	2008	31	10	05	23	19	26	FALSE	0	55	42
AUG	09	2008	53	40	32	49	43	21	FALSE	0	55	42
AUG	06	2008	24	37	05	36	51	19	FALSE	0	55	42
AUG	02	2008	05	28	33	02	54	30	TRUE	86300000	55	42
JUL	30	2008	25	55	03	51	45	13	FALSE	0	55	42
JUL	26	2008	51	55	21	12	13	18	FALSE	0	55	42
JUL	23	2008	52	11	14	35	41	02	FALSE	0	55	42
JUL	19	2008	55	46	53	06	28	02	FALSE	0	55	42
JUL	16	2008	03	23	15	42	29	17	FALSE	0	55	42
JUL	12	2008	20	50	12	02	22	17	FALSE	0	55	42
JUL	09	2008	05	31	07	49	53	14	FALSE	0	55	42
JUL	05	2008	24	47	34	01	48	18	FALSE	0	55	42
JUL	02	2008	46	33	52	48	04	17	TRUE	84900000	55	42
JUN	28	2008	26	32	14	34	44	06	FALSE	0	55	42
JUN	25	2008	53	45	14	21	25	09	FALSE	0	55	42
JUN	21	2008	08	07	50	31	09	31	FALSE	0	55	42
JUN	18	2008	52	09	31	39	12	32	FALSE	0	55	42
JUN	14	2008	50	31	09	20	11	14	FALSE	0	55	42
JUN	11	2008	07	49	18	28	21	01	FALSE	0	55	42
JUN	07	2008	26	44	34	12	48	09	FALSE	0	55	42
JUN	04	2008	18	05	52	40	20	03	FALSE	0	55	42
MAY	31	2008	09	17	03	14	25	08	TRUE	34100000	55	42
MAY	28	2008	18	45	22	10	37	09	FALSE	0	55	42
MAY	24	2008	40	33	51	52	41	06	FALSE	0	55	42
MAY	21	2008	21	33	42	07	16	25	FALSE	0	55	42
MAY	17	2008	12	21	14	15	43	30	TRUE	35300000	55	42
MAY	14	2008	46	29	21	32	19	32	FALSE	0	55	42
MAY	10	2008	30	07	18	45	41	06	FALSE	0	55	42
MAY	07	2008	42	26	25	28	09	26	FALSE	0	55	42
MAY	03	2008	28	02	36	46	42	40	TRUE	180100000	55	42
APR	30	2008	25	51	43	17	01	38	FALSE	0	55	42
APR	26	2008	27	45	07	12	17	24	FALSE	0	55	42
APR	23	2008	22	39	21	20	11	01	FALSE	0	55	42
APR	19	2008	24	13	19	39	33	08	FALSE	0	55	42
APR	16	2008	21	18	11	16	51	16	FALSE	0	55	42
APR	12	2008	52	11	55	48	29	36	FALSE	0	55	42
APR	09	2008	46	13	32	03	19	18	FALSE	0	55	42
APR	05	2008	30	47	27	12	37	26	FALSE	0	55	42
APR	02	2008	37	01	55	44	34	33	FALSE	0	55	42
MAR	29	2008	18	36	31	25	20	07	FALSE	0	55	42
MAR	26	2008	20	37	49	09	12	17	FALSE	0	55	42
MAR	22	2008	48	46	28	25	07	19	FALSE	0	55	42
MAR	19	2008	29	06	08	49	41	42	FALSE	0	55	42
MAR	15	2008	06	42	43	47	22	16	TRUE	276300000	55	42
MAR	12	2008	30	12	34	19	36	08	FALSE	0	55	42
MAR	08	2008	29	49	17	34	31	16	FALSE	0	55	42
MAR	05	2008	10	15	23	16	31	05	FALSE	0	55	42
MAR	01	2008	31	21	19	02	55	19	FALSE	0	55	42
FEB	27	2008	37	48	53	20	24	11	FALSE	0	55	42
FEB	23	2008	23	29	08	13	47	32	FALSE	0	55	42
FEB	20	2008	20	09	36	22	12	31	FALSE	0	55	42
FEB	16	2008	03	49	04	20	08	18	FALSE	0	55	42
FEB	13	2008	32	13	38	51	19	30	FALSE	0	55	42
FEB	09	2008	24	04	23	43	30	28	FALSE	0	55	42
FEB	06	2008	03	43	05	42	12	05	FALSE	0	55	42
FEB	02	2008	14	44	25	26	16	30	FALSE	0	55	42
JAN	30	2008	55	02	17	41	54	17	FALSE	0	55	42
JAN	26	2008	39	53	35	11	54	24	FALSE	0	55	42
JAN	23	2008	48	47	35	04	16	39	FALSE	0	55	42
JAN	19	2008	28	20	23	25	27	02	FALSE	0	55	42
JAN	16	2008	09	18	47	38	19	11	TRUE	97000000	55	42
JAN	12	2008	47	53	43	23	39	14	FALSE	0	55	42
JAN	09	2008	02	20	13	23	21	24	FALSE	0	55	42
JAN	05	2008	33	11	16	04	40	09	FALSE	0	55	42
JAN	02	2008	31	34	48	11	02	05	FALSE	0	55	42
DEC	29	2007	08	12	49	17	35	18	FALSE	0	55	42
DEC	26	2007	55	32	08	54	41	20	FALSE	0	55	42
DEC	22	2007	34	10	38	05	11	21	FALSE	0	55	42
DEC	19	2007	22	15	42	18	23	37	FALSE	0	55	42
DEC	15	2007	47	22	37	48	50	17	FALSE	0	55	42
DEC	12	2007	07	40	55	33	14	15	TRUE	33600000	55	42
DEC	08	2007	31	08	29	25	04	41	FALSE	0	55	42
DEC	05	2007	08	55	21	15	01	41	FALSE	0	55	42
DEC	01	2007	41	32	39	55	07	13	FALSE	0	55	42
NOV	28	2007	23	39	08	32	37	38	TRUE	151900000	55	42
NOV	24	2007	07	01	23	35	13	19	FALSE	0	55	42
NOV	21	2007	13	11	20	03	40	20	FALSE	0	55	42
NOV	17	2007	53	52	49	27	17	23	FALSE	0	55	42
NOV	14	2007	16	30	20	18	48	06	FALSE	0	55	42
NOV	10	2007	06	26	30	24	22	12	FALSE	0	55	42
NOV	07	2007	46	22	35	52	29	02	FALSE	0	55	42
NOV	03	2007	01	38	40	53	31	42	FALSE	0	55	42
OCT	31	2007	29	18	06	37	16	24	FALSE	0	55	42
OCT	27	2007	13	25	30	40	43	12	FALSE	0	55	42
OCT	24	2007	10	52	11	49	18	02	FALSE	0	55	42
OCT	20	2007	40	10	11	37	54	10	FALSE	0	55	42
OCT	17	2007	46	15	42	19	14	37	FALSE	0	55	42
OCT	13	2007	21	34	36	30	49	42	FALSE	0	55	42
OCT	10	2007	31	54	33	16	12	05	TRUE	20000000	55	42
OCT	06	2007	33	32	51	08	30	02	FALSE	0	55	42
OCT	03	2007	02	04	15	28	14	23	TRUE	15000000	55	42
SEP	29	2007	38	55	33	31	49	39	TRUE	15000000	55	42
SEP	26	2007	27	54	25	31	44	08	TRUE	61500000	55	42
SEP	22	2007	04	09	18	55	43	03	FALSE	0	55	42
SEP	19	2007	26	25	20	46	45	15	FALSE	0	55	42
SEP	15	2007	51	48	16	13	27	21	FALSE	0	55	42
SEP	12	2007	47	05	24	26	33	01	FALSE	0	55	42
SEP	08	2007	12	30	07	48	28	40	FALSE	0	55	42
SEP	05	2007	48	30	21	20	11	18	TRUE	29100000	55	42
SEP	01	2007	19	39	23	37	12	13	FALSE	0	55	42
AUG	29	2007	33	47	13	16	44	29	FALSE	0	55	42
AUG	25	2007	23	29	35	08	02	19	TRUE	314300000	55	42
AUG	22	2007	12	37	48	40	50	37	FALSE	0	55	42
AUG	18	2007	15	12	31	28	50	12	FALSE	0	55	42
AUG	15	2007	19	51	24	22	38	09	FALSE	0	55	42
AUG	11	2007	37	01	11	10	40	20	FALSE	0	55	42
AUG	08	2007	52	21	09	16	30	09	FALSE	0	55	42
AUG	04	2007	27	24	02	36	23	03	FALSE	0	55	42
AUG	01	2007	16	52	09	23	51	12	FALSE	0	55	42
JUL	28	2007	19	24	47	27	15	11	FALSE	0	55	42
JUL	25	2007	28	35	47	40	53	30	FALSE	0	55	42
JUL	21	2007	46	39	30	14	43	14	FALSE	0	55	42
JUL	18	2007	09	42	14	40	03	03	FALSE	0	55	42
JUL	14	2007	01	36	30	34	21	37	FALSE	0	55	42
JUL	11	2007	43	42	20	29	08	35	FALSE	0	55	42
JUL	07	2007	47	21	41	15	27	20	FALSE	0	55	42
JUL	04	2007	17	49	15	01	02	35	FALSE	0	55	42
JUN	30	2007	38	39	47	24	46	26	FALSE	0	55	42
JUN	27	2007	09	13	11	24	43	18	TRUE	105800000	55	42
JUN	23	2007	27	43	14	15	53	28	FALSE	0	55	42
JUN	20	2007	32	31	55	37	23	35	FALSE	0	55	42
JUN	16	2007	08	47	04	51	32	27	FALSE	0	55	42
JUN	13	2007	47	28	13	30	10	26	FALSE	0	55	42
JUN	09	2007	10	07	32	25	41	22	FALSE	0	55	42
JUN	06	2007	45	14	48	05	09	28	FALSE	0	55	42
JUN	02	2007	02	36	22	32	47	36	FALSE	0	55	42
MAY	30	2007	55	07	54	23	35	28	FALSE	0	55	42
MAY	26	2007	21	05	46	01	51	29	FALSE	0	55	42
MAY	23	2007	38	24	03	11	36	06	TRUE	62800000	55	42
MAY	19	2007	26	19	45	21	03	02	FALSE	0	55	42
MAY	16	2007	42	07	16	06	34	23	FALSE	0	55	42
MAY	12	2007	30	51	53	44	46	25	FALSE	0	55	42
MAY	09	2007	44	02	52	30	13	40	FALSE	0	55	42
MAY	05	2007	29	21	13	40	50	06	FALSE	0	55	42
MAY	02	2007	40	01	08	47	35	09	FALSE	0	55	42
APR	28	2007	16	43	46	49	22	10	TRUE	67600000	55	42
APR	25	2007	14	12	13	17	53	11	FALSE	0	55	42
APR	21	2007	45	26	28	22	33	17	FALSE	0	55	42
APR	18	2007	13	10	24	12	06	19	FALSE	0	55	42
APR	14	2007	12	49	21	36	38	18	FALSE	0	55	42
APR	11	2007	42	51	06	38	15	18	FALSE	0	55	42
APR	07	2007	28	55	54	02	31	23	FALSE	0	55	42
APR	04	2007	39	19	53	30	40	16	TRUE	15000000	55	42
MAR	31	2007	36	05	02	16	40	36	TRUE	40700000	55	42
MAR	28	2007	47	06	35	20	37	01	FALSE	0	55	42
MAR	24	2007	53	38	40	10	48	03	FALSE	0	55	42
MAR	21	2007	53	38	24	54	16	05	FALSE	0	55	42
MAR	17	2007	17	47	44	07	54	03	TRUE	182700000	55	42
MAR	14	2007	44	04	27	30	39	18	FALSE	0	55	42
MAR	10	2007	42	18	43	34	14	32	FALSE	0	55	42
MAR	07	2007	18	16	46	19	13	36	FALSE	0	55	42
MAR	03	2007	16	22	05	01	48	06	FALSE	0	55	42
FEB	28	2007	41	20	13	42	53	02	FALSE	0	55	42
FEB	24	2007	42	55	38	54	36	24	FALSE	0	55	42
FEB	21	2007	08	02	29	22	37	03	FALSE	0	55	42
FEB	17	2007	35	01	15	37	45	32	FALSE	0	55	42
FEB	14	2007	03	30	26	54	55	15	FALSE	0	55	42
FEB	10	2007	41	11	16	42	02	16	FALSE	0	55	42
FEB	07	2007	22	04	28	37	52	10	FALSE	0	55	42
FEB	03	2007	13	20	33	42	12	37	FALSE	0	55	42
JAN	31	2007	48	42	02	25	15	14	FALSE	0	55	42
JAN	27	2007	10	26	19	32	27	14	TRUE	15000000	55	42
JAN	24	2007	53	29	09	42	19	17	TRUE	254000000	55	42
JAN	20	2007	01	38	05	26	32	30	FALSE	0	55	42
JAN	17	2007	52	35	16	49	50	31	FALSE	0	55	42
JAN	13	2007	21	01	26	23	25	04	FALSE	0	55	42
JAN	10	2007	45	54	42	53	36	36	FALSE	0	55	42
JAN	06	2007	24	40	01	50	49	38	FALSE	0	55	42
JAN	03	2007	12	55	24	35	10	31	FALSE	0	55	42
DEC	30	2006	31	28	23	09	36	26	FALSE	0	55	42
DEC	27	2006	14	29	16	27	41	29	FALSE	0	55	42
DEC	23	2006	27	43	53	08	52	05	FALSE	0	55	42
DEC	20	2006	06	26	14	01	34	34	FALSE	0	55	42
DEC	16	2006	28	17	36	05	51	05	FALSE	0	55	42
DEC	13	2006	33	32	19	54	42	15	FALSE	0	55	42
DEC	09	2006	52	22	19	34	30	40	FALSE	0	55	42
DEC	06	2006	38	36	35	07	34	14	FALSE	0	55	42
DEC	02	2006	42	34	50	45	17	11	FALSE	0	55	42
NOV	29	2006	02	09	12	08	19	25	TRUE	74500000	55	42
NOV	25	2006	55	49	28	05	18	38	FALSE	0	55	42
NOV	22	2006	22	49	32	36	55	08	FALSE	0	55	42
NOV	18	2006	42	36	19	01	08	20	FALSE	0	55	42
NOV	15	2006	11	28	43	30	34	29	FALSE	0	55	42
NOV	11	2006	40	49	38	35	55	41	FALSE	0	55	42
NOV	08	2006	12	53	08	11	26	04	FALSE	0	55	42
NOV	04	2006	44	13	34	12	39	05	FALSE	0	55	42
NOV	01	2006	46	54	13	07	08	35	TRUE	94100000	55	42
OCT	28	2006	38	22	41	30	14	12	FALSE	0	55	42
OCT	25	2006	16	40	43	48	42	01	FALSE	0	55	42
OCT	21	2006	45	55	29	09	31	07	FALSE	0	55	42
OCT	18	2006	41	02	24	34	48	24	FALSE	0	55	42
OCT	14	2006	26	15	01	17	40	19	FALSE	0	55	42
OCT	11	2006	38	10	35	05	12	09	FALSE	0	55	42
OCT	07	2006	04	31	45	03	08	12	FALSE	0	55	42
OCT	04	2006	39	27	07	03	40	08	FALSE	0	55	42
SEP	30	2006	30	32	15	39	06	05	TRUE	15000000	55	42
SEP	27	2006	49	23	33	35	28	16	TRUE	15000000	55	42
SEP	23	2006	21	45	26	13	50	20	TRUE	200800000	55	42
SEP	20	2006	54	08	07	29	17	26	FALSE	0	55	42
SEP	16	2006	26	42	27	07	08	12	FALSE	0	55	42
SEP	13	2006	15	47	19	45	26	03	FALSE	0	55	42
SEP	09	2006	20	47	03	22	19	02	FALSE	0	55	42
SEP	06	2006	27	35	21	55	02	01	FALSE	0	55	42
SEP	02	2006	24	28	03	49	08	25	FALSE	0	55	42
AUG	30	2006	35	03	19	43	33	01	FALSE	0	55	42
AUG	26	2006	26	24	42	38	46	16	FALSE	0	55	42
AUG	23	2006	17	08	51	24	38	31	FALSE	0	55	42
AUG	19	2006	12	51	29	22	26	09	FALSE	0	55	42
AUG	16	2006	22	02	13	50	48	02	FALSE	0	55	42
AUG	12	2006	14	54	27	18	13	32	FALSE	0	55	42
AUG	09	2006	52	19	43	41	16	35	FALSE	0	55	42
AUG	05	2006	48	50	03	09	02	23	TRUE	208600000	55	42
AUG	02	2006	24	19	10	16	13	15	FALSE	0	55	42
JUL	29	2006	14	39	55	19	26	29	FALSE	0	55	42
JUL	26	2006	10	05	24	17	43	31	FALSE	0	55	42
JUL	22	2006	40	47	14	55	54	06	FALSE	0	55	42
JUL	19	2006	44	50	02	38	32	21	FALSE	0	55	42
JUL	15	2006	36	20	47	50	35	05	FALSE	0	55	42
JUL	12	2006	31	33	30	18	19	15	FALSE	0	55	42
JUL	08	2006	50	44	49	32	37	13	FALSE	0	55	42
JUL	05	2006	26	52	39	41	53	20	FALSE	0	55	42
JUL	01	2006	40	35	42	02	31	34	FALSE	0	55	42
JUN	28	2006	45	51	08	16	02	32	FALSE	0	55	42
JUN	24	2006	39	08	47	11	30	23	FALSE	0	55	42
JUN	21	2006	11	19	22	43	45	34	FALSE	0	55	42
JUN	17	2006	39	48	20	22	10	25	TRUE	101800000	55	42
JUN	14	2006	04	40	14	48	15	12	FALSE	0	55	42
JUN	10	2006	36	54	24	26	16	11	FALSE	0	55	42
JUN	07	2006	20	10	04	26	40	08	FALSE	0	55	42
JUN	03	2006	20	05	18	50	06	35	FALSE	0	55	42
MAY	31	2006	49	22	20	43	10	03	FALSE	0	55	42
MAY	27	2006	41	06	27	23	47	19	FALSE	0	55	42
MAY	24	2006	03	12	47	51	02	10	FALSE	0	55	42
MAY	20	2006	23	02	09	44	45	38	FALSE	0	55	42
MAY	17	2006	15	26	24	35	17	38	TRUE	116800000	55	42
MAY	13	2006	30	54	19	47	28	13	FALSE	0	55	42
MAY	10	2006	04	03	11	44	37	24	FALSE	0	55	42
MAY	06	2006	38	12	32	23	25	27	FALSE	0	55	42
MAY	03	2006	38	19	06	42	04	37	FALSE	0	55	42
APR	29	2006	19	40	35	30	41	14	FALSE	0	55	42
APR	26	2006	55	26	48	24	12	14	FALSE	0	55	42
APR	22	2006	04	06	27	05	18	24	FALSE	0	55	42
APR	19	2006	32	53	34	05	28	10	FALSE	0	55	42
APR	15	2006	46	23	13	28	18	33	FALSE	0	55	42
APR	12	2006	34	41	26	35	16	24	TRUE	224200000	55	42
APR	08	2006	35	04	43	44	23	35	FALSE	0	55	42
APR	05	2006	29	39	09	24	03	42	FALSE	0	55	42
APR	01	2006	55	10	50	01	23	29	FALSE	0	55	42
MAR	29	2006	24	28	54	02	14	13	FALSE	0	55	42
MAR	25	2006	20	37	34	45	39	32	FALSE	0	55	42
MAR	22	2006	45	38	23	22	18	31	FALSE	0	55	42
MAR	18	2006	25	01	36	42	34	19	FALSE	0	55	42
MAR	15	2006	36	48	54	07	12	37	FALSE	0	55	42
MAR	11	2006	54	37	35	52	16	33	FALSE	0	55	42
MAR	08	2006	05	07	21	01	43	20	FALSE	0	55	42
MAR	04	2006	13	52	22	55	27	26	FALSE	0	55	42
MAR	01	2006	25	10	35	41	38	23	FALSE	0	55	42
FEB	25	2006	51	03	48	46	37	22	FALSE	0	55	42
FEB	22	2006	47	53	23	55	09	39	FALSE	0	55	42
FEB	18	2006	44	48	15	43	17	29	TRUE	365000000	55	42
FEB	15	2006	39	35	03	13	40	37	FALSE	0	55	42
FEB	11	2006	38	07	51	40	52	14	FALSE	0	55	42
FEB	08	2006	48	32	25	14	54	10	FALSE	0	55	42
FEB	04	2006	38	30	04	13	12	30	FALSE	0	55	42
FEB	01	2006	13	30	55	11	35	37	FALSE	0	55	42
JAN	28	2006	26	15	28	36	14	36	FALSE	0	55	42
JAN	25	2006	52	37	50	43	10	14	FALSE	0	55	42
JAN	21	2006	54	18	03	39	43	41	FALSE	0	55	42
JAN	18	2006	53	38	15	29	52	07	FALSE	0	55	42
JAN	14	2006	49	14	06	46	40	17	FALSE	0	55	42
JAN	11	2006	18	14	03	17	06	14	FALSE	0	55	42
JAN	07	2006	02	21	43	32	16	06	FALSE	0	55	42
JAN	04	2006	23	10	48	54	42	03	FALSE	0	55	42
DEC	31	2005	43	04	46	30	37	42	FALSE	0	55	42
DEC	28	2005	12	46	15	54	30	01	FALSE	0	55	42
DEC	24	2005	04	10	34	50	33	14	FALSE	0	55	42
DEC	21	2005	23	43	12	16	09	37	FALSE	0	55	42
DEC	17	2005	24	44	53	36	46	18	FALSE	0	55	42
DEC	14	2005	45	15	08	16	51	11	TRUE	113200000	55	42
DEC	10	2005	45	34	42	03	21	39	FALSE	0	55	42
DEC	07	2005	45	30	54	41	19	14	FALSE	0	55	42
DEC	03	2005	02	26	42	15	37	36	FALSE	0	55	42
NOV	30	2005	42	23	19	27	52	01	FALSE	0	55	42
NOV	26	2005	34	28	53	37	45	32	FALSE	0	55	42
NOV	23	2005	24	25	09	27	12	33	FALSE	0	55	42
NOV	19	2005	15	54	20	41	08	22	FALSE	0	55	42
NOV	16	2005	05	20	44	21	18	27	FALSE	0	55	42
NOV	12	2005	48	41	17	55	37	39	FALSE	0	55	42
NOV	09	2005	05	49	14	13	31	30	FALSE	0	55	42
NOV	05	2005	37	25	50	29	07	17	FALSE	0	55	42
NOV	02	2005	41	14	06	11	27	38	TRUE	36000000	55	42
OCT	29	2005	41	50	22	19	14	21	FALSE	0	55	42
OCT	26	2005	43	39	02	42	10	23	FALSE	0	55	42
OCT	22	2005	36	06	53	51	07	17	FALSE	0	55	42
OCT	19	2005	49	21	44	07	43	29	TRUE	340000000	55	42
OCT	15	2005	34	01	07	08	45	15	FALSE	0	55	42
OCT	12	2005	54	51	09	18	04	10	FALSE	0	55	42
OCT	08	2005	26	31	35	50	46	28	FALSE	0	55	42
OCT	05	2005	25	30	45	02	15	17	FALSE	0	55	42
OCT	01	2005	18	54	38	08	45	23	FALSE	0	55	42
SEP	28	2005	07	22	27	48	50	17	FALSE	0	55	42
SEP	24	2005	02	10	43	55	31	14	FALSE	0	55	42
SEP	21	2005	35	28	34	03	50	08	FALSE	0	55	42
SEP	17	2005	49	52	05	09	27	06	FALSE	0	55	42
SEP	14	2005	24	50	21	42	49	01	FALSE	0	55	42
SEP	10	2005	10	11	08	48	50	16	FALSE	0	55	42
SEP	07	2005	32	50	12	40	54	37	FALSE	0	55	42
SEP	03	2005	30	03	31	01	43	36	FALSE	0	55	42
AUG	31	2005	17	19	13	50	41	13	FALSE	0	55	42
AUG	27	2005	08	39	31	44	22	11	FALSE	0	53	42
AUG	24	2005	35	09	26	11	51	32	FALSE	0	53	42
AUG	20	2005	27	13	28	29	49	36	FALSE	0	53	42
AUG	17	2005	08	43	53	30	03	15	FALSE	0	53	42
AUG	13	2005	02	37	43	18	01	37	FALSE	0	53	42
AUG	10	2005	31	13	49	38	36	02	TRUE	93400000	53	42
AUG	06	2005	09	01	19	36	53	33	FALSE	0	53	42
AUG	03	2005	39	05	24	19	28	24	FALSE	0	53	42
JUL	30	2005	14	38	35	08	46	24	FALSE	0	53	42
JUL	27	2005	04	13	10	29	01	03	FALSE	0	53	42
JUL	23	2005	28	13	20	32	16	36	FALSE	0	53	42
JUL	20	2005	51	07	32	39	06	31	FALSE	0	53	42
JUL	16	2005	50	33	32	41	08	22	FALSE	0	53	42
JUL	13	2005	05	23	43	04	13	34	FALSE	0	53	42
JUL	09	2005	53	39	08	09	47	04	FALSE	0	53	42
JUL	06	2005	12	25	48	02	30	38	FALSE	0	53	42
JUL	02	2005	29	09	10	52	39	20	FALSE	0	53	42
JUN	29	2005	42	08	49	22	03	39	TRUE	10000000	53	42
JUN	25	2005	28	32	40	07	31	14	TRUE	59500000	53	42
JUN	22	2005	13	51	42	23	09	15	FALSE	0	53	42
JUN	18	2005	10	05	24	16	08	05	FALSE	0	53	42
JUN	15	2005	39	20	22	14	44	14	FALSE	0	53	42
JUN	11	2005	03	46	10	24	14	37	FALSE	0	53	42
JUN	08	2005	36	10	43	40	42	42	FALSE	0	53	42
JUN	04	2005	16	44	07	38	48	18	FALSE	0	53	42
JUN	01	2005	34	50	39	42	15	12	FALSE	0	53	42
MAY	28	2005	39	24	05	28	07	36	TRUE	220300000	53	42
MAY	25	2005	29	46	27	31	42	33	FALSE	0	53	42
MAY	21	2005	07	30	05	10	02	23	FALSE	0	53	42
MAY	18	2005	17	07	20	13	35	35	FALSE	0	53	42
MAY	14	2005	49	21	29	38	52	42	FALSE	0	53	42
MAY	11	2005	46	49	05	48	25	06	FALSE	0	53	42
MAY	07	2005	47	44	23	21	39	19	FALSE	0	53	42
MAY	04	2005	27	33	40	10	21	02	FALSE	0	53	42
APR	30	2005	08	48	32	15	17	24	FALSE	0	53	42
APR	27	2005	42	11	32	13	18	04	FALSE	0	53	42
APR	23	2005	15	08	50	09	13	09	FALSE	0	53	42
APR	20	2005	07	16	33	34	46	27	FALSE	0	53	42
APR	16	2005	11	44	38	51	45	41	FALSE	0	53	42
APR	13	2005	37	51	06	13	52	25	FALSE	0	53	42
APR	09	2005	46	11	01	35	53	29	FALSE	0	53	42
APR	06	2005	05	14	11	51	22	17	FALSE	0	53	42
APR	02	2005	11	09	05	17	46	39	FALSE	0	53	42
MAR	30	2005	28	39	22	32	33	42	TRUE	25500000	53	42
MAR	26	2005	35	12	09	51	41	36	FALSE	0	53	42
MAR	23	2005	29	23	40	45	37	38	FALSE	0	53	42
MAR	19	2005	41	01	21	32	28	09	FALSE	0	53	42
MAR	16	2005	19	38	11	25	50	35	TRUE	18700000	53	42
MAR	12	2005	40	23	52	46	07	41	FALSE	0	53	42
MAR	09	2005	20	17	10	23	45	31	FALSE	0	53	42
MAR	05	2005	40	09	27	53	13	28	TRUE	19813007	53	42
MAR	02	2005	48	18	46	03	10	08	FALSE	0	53	42
FEB	26	2005	33	22	49	30	08	06	FALSE	0	53	42
FEB	23	2005	04	48	15	10	51	13	TRUE	18700000	53	42
FEB	19	2005	12	15	18	52	27	36	FALSE	0	53	42
FEB	16	2005	48	21	41	27	25	25	FALSE	0	53	42
FEB	12	2005	50	21	28	18	49	16	TRUE	40600000	53	42
FEB	09	2005	10	15	09	18	29	09	FALSE	0	53	42
FEB	05	2005	44	11	34	47	37	23	FALSE	0	53	42
FEB	02	2005	16	44	40	10	11	02	FALSE	0	53	42
JAN	29	2005	41	29	20	16	11	12	FALSE	0	53	42
JAN	26	2005	05	32	48	47	43	33	FALSE	0	53	42
JAN	22	2005	33	32	34	11	23	38	TRUE	26400000	53	42
JAN	19	2005	49	32	09	18	33	27	FALSE	0	53	42
JAN	15	2005	37	49	21	51	26	25	FALSE	0	53	42
JAN	12	2005	50	21	27	38	23	38	FALSE	0	53	42
JAN	08	2005	11	22	24	09	43	02	TRUE	36800000	53	42
JAN	05	2005	10	07	37	04	30	37	FALSE	0	53	42
JAN	01	2005	47	22	23	26	44	12	FALSE	0	53	42
DEC	29	2004	44	33	29	38	24	07	FALSE	0	53	42
DEC	25	2004	39	29	32	53	45	16	FALSE	0	53	42
DEC	22	2004	07	11	31	24	02	18	TRUE	30900000	53	42
DEC	18	2004	30	01	29	25	45	12	FALSE	0	53	42
DEC	15	2004	38	01	53	11	06	11	FALSE	0	53	42
DEC	11	2004	16	53	41	07	06	23	FALSE	0	53	42
DEC	08	2004	17	13	50	35	45	02	TRUE	171400000	53	42
DEC	04	2004	30	09	22	06	16	04	FALSE	0	53	42
DEC	01	2004	44	28	36	38	03	01	FALSE	0	53	42
NOV	27	2004	16	35	47	36	28	31	FALSE	0	53	42
NOV	24	2004	47	49	53	03	19	04	FALSE	0	53	42
NOV	20	2004	45	50	48	04	29	01	FALSE	0	53	42
NOV	17	2004	31	15	46	25	36	37	FALSE	0	53	42
NOV	13	2004	33	34	26	05	06	13	FALSE	0	53	42
NOV	10	2004	14	43	45	21	29	26	FALSE	0	53	42
NOV	06	2004	18	22	33	40	38	19	FALSE	0	53	42
NOV	03	2004	48	43	45	11	35	42	FALSE	0	53	42
OCT	30	2004	20	27	48	40	30	11	FALSE	0	53	42
OCT	27	2004	40	51	44	11	17	21	FALSE	0	53	42
OCT	23	2004	49	50	15	52	24	40	FALSE	0	53	42
OCT	20	2004	41	46	11	17	01	24	FALSE	0	53	42
OCT	16	2004	22	42	05	36	20	11	TRUE	14400000	53	42
OCT	13	2004	17	45	46	05	14	41	FALSE	0	53	42
OCT	09	2004	10	48	47	03	01	27	TRUE	214700000	53	42
OCT	06	2004	50	19	44	05	06	28	FALSE	0	53	42
OCT	02	2004	32	35	29	13	02	04	FALSE	0	53	42
SEP	29	2004	35	16	37	28	33	17	FALSE	0	53	42
SEP	25	2004	41	11	40	48	25	03	FALSE	0	53	42
SEP	22	2004	37	06	34	14	40	07	FALSE	0	53	42
SEP	18	2004	14	36	31	02	27	09	FALSE	0	53	42
SEP	15	2004	28	17	01	50	08	20	FALSE	0	53	42
SEP	11	2004	36	25	49	46	34	09	FALSE	0	53	42
SEP	08	2004	28	04	02	33	52	18	FALSE	0	53	42
SEP	04	2004	46	15	26	25	13	28	FALSE	0	53	42
SEP	01	2004	44	45	33	51	31	31	FALSE	0	53	42
AUG	28	2004	35	06	30	45	39	31	FALSE	0	53	42
AUG	25	2004	32	01	50	30	37	19	FALSE	0	53	42
AUG	21	2004	40	27	39	16	03	03	FALSE	0	53	42
AUG	18	2004	35	40	42	33	31	40	FALSE	0	53	42
AUG	14	2004	04	10	43	18	11	41	TRUE	98700000	53	42
AUG	11	2004	10	33	05	51	29	35	FALSE	0	53	42
AUG	07	2004	16	34	09	08	48	08	FALSE	0	53	42
AUG	04	2004	37	11	26	22	51	21	FALSE	0	53	42
JUL	31	2004	47	31	14	35	45	35	FALSE	0	53	42
JUL	28	2004	40	04	39	19	50	22	FALSE	0	53	42
JUL	24	2004	52	29	02	03	13	25	FALSE	0	53	42
JUL	21	2004	42	38	46	31	03	02	FALSE	0	53	42
JUL	17	2004	23	45	50	20	36	09	FALSE	0	53	42
JUL	14	2004	09	49	24	45	50	37	FALSE	0	53	42
JUL	10	2004	17	44	23	16	26	13	FALSE	0	53	42
JUL	07	2004	41	34	30	25	18	10	TRUE	21100000	53	42
JUL	03	2004	03	30	08	47	12	23	FALSE	0	53	42
JUN	30	2004	47	45	02	31	29	04	FALSE	0	53	42
JUN	26	2004	17	47	09	32	41	08	TRUE	65800000	53	42
JUN	23	2004	16	20	09	12	39	01	FALSE	0	53	42
JUN	19	2004	02	37	36	48	09	16	FALSE	0	53	42
JUN	16	2004	16	18	48	39	26	22	FALSE	0	53	42
JUN	12	2004	06	52	48	43	20	28	FALSE	0	53	42
JUN	09	2004	31	50	37	01	33	40	FALSE	0	53	42
JUN	05	2004	41	05	42	39	26	39	FALSE	0	53	42
JUN	02	2004	26	06	12	29	05	30	FALSE	0	53	42
MAY	29	2004	01	16	32	39	30	02	TRUE	52000000	53	42
MAY	26	2004	38	10	31	03	35	16	FALSE	0	53	42
MAY	22	2004	01	49	42	36	07	41	FALSE	0	53	42
MAY	19	2004	31	14	41	37	15	31	FALSE	0	53	42
MAY	15	2004	01	26	46	27	43	31	FALSE	0	53	42
MAY	12	2004	42	45	11	31	35	35	FALSE	0	53	42
MAY	08	2004	37	03	43	09	17	39	TRUE	213200000	53	42
MAY	05	2004	21	25	16	09	32	08	FALSE	0	53	42
MAY	01	2004	01	34	47	10	39	33	FALSE	0	53	42
APR	28	2004	27	34	52	49	42	23	FALSE	0	53	42
APR	24	2004	02	44	35	13	22	28	FALSE	0	53	42
APR	21	2004	11	08	51	42	34	27	FALSE	0	53	42
APR	17	2004	41	04	42	34	29	11	FALSE	0	53	42
APR	14	2004	38	22	01	20	06	22	FALSE	0	53	42
APR	10	2004	02	48	30	09	47	40	FALSE	0	53	42
APR	07	2004	07	37	02	35	16	10	FALSE	0	53	42
APR	03	2004	43	07	26	06	32	13	FALSE	0	53	42
MAR	31	2004	15	31	39	34	50	35	FALSE	0	53	42
MAR	27	2004	30	17	02	15	34	32	FALSE	0	53	42
MAR	24	2004	39	47	43	20	18	31	FALSE	0	53	42
MAR	20	2004	44	14	24	27	02	06	FALSE	0	53	42
MAR	17	2004	24	15	20	43	07	05	FALSE	0	53	42
MAR	13	2004	50	44	11	48	45	02	TRUE	89000000	53	42
MAR	10	2004	10	41	22	20	49	06	FALSE	0	53	42
MAR	06	2004	49	46	17	51	09	09	FALSE	0	53	42
MAR	03	2004	23	11	17	53	05	34	FALSE	0	53	42
FEB	28	2004	25	52	53	06	26	40	FALSE	0	53	42
FEB	25	2004	04	47	17	11	05	35	FALSE	0	53	42
FEB	21	2004	22	26	53	48	15	14	FALSE	0	53	42
FEB	18	2004	50	36	24	04	44	02	FALSE	0	53	42
FEB	14	2004	25	10	35	43	24	32	FALSE	0	53	42
FEB	11	2004	05	50	52	16	28	04	FALSE	0	53	42
FEB	07	2004	46	39	31	35	34	03	FALSE	0	53	42
FEB	04	2004	17	07	32	25	12	33	TRUE	85500000	53	42
JAN	31	2004	37	06	03	27	41	38	FALSE	0	53	42
JAN	28	2004	17	13	08	39	48	34	FALSE	0	53	42
JAN	24	2004	01	38	37	05	53	31	FALSE	0	53	42
JAN	21	2004	17	45	41	34	13	17	FALSE	0	53	42
JAN	17	2004	48	32	09	45	08	15	FALSE	0	53	42
JAN	14	2004	44	33	12	50	40	40	FALSE	0	53	42
JAN	10	2004	13	02	27	19	50	05	FALSE	0	53	42
JAN	07	2004	44	04	18	14	07	25	FALSE	0	53	42
JAN	03	2004	42	04	22	05	41	02	FALSE	0	53	42
DEC	31	2003	05	07	28	18	35	01	TRUE	221500000	53	42
DEC	27	2003	17	34	32	16	43	31	FALSE	0	53	42
DEC	24	2003	01	44	06	34	31	25	FALSE	0	53	42
DEC	20	2003	48	24	12	25	20	37	FALSE	0	53	42
DEC	17	2003	43	15	18	21	19	07	FALSE	0	53	42
DEC	13	2003	17	25	44	19	26	19	FALSE	0	53	42
DEC	10	2003	40	04	17	26	37	15	FALSE	0	53	42
DEC	06	2003	24	45	21	41	37	39	FALSE	0	53	42
DEC	03	2003	37	01	43	10	35	30	FALSE	0	53	42
NOV	29	2003	39	14	43	51	36	15	FALSE	0	53	42
NOV	26	2003	16	01	03	41	37	19	FALSE	0	53	42
NOV	22	2003	45	09	12	29	17	04	FALSE	0	53	42
NOV	19	2003	36	42	26	16	47	33	FALSE	0	53	42
NOV	15	2003	20	08	22	32	52	39	FALSE	0	53	42
NOV	12	2003	22	11	07	19	20	01	FALSE	0	53	42
NOV	08	2003	05	24	52	38	08	22	FALSE	0	53	42
NOV	05	2003	20	38	27	06	39	31	TRUE	12800000	53	42
NOV	01	2003	34	19	37	47	16	18	FALSE	0	53	42
OCT	29	2003	22	34	19	08	53	29	TRUE	10000000	53	42
OCT	25	2003	06	17	48	45	47	04	TRUE	190900000	53	42
OCT	22	2003	53	27	25	03	28	35	FALSE	0	53	42
OCT	18	2003	35	22	25	34	33	14	FALSE	0	53	42
OCT	15	2003	29	06	39	52	09	08	FALSE	0	53	42
OCT	11	2003	11	32	45	14	21	21	FALSE	0	53	42
OCT	08	2003	06	25	07	08	01	18	FALSE	0	53	42
OCT	04	2003	08	13	29	44	48	36	FALSE	0	53	42
OCT	01	2003	50	05	04	21	19	41	FALSE	0	53	42
SEP	27	2003	48	20	09	41	30	29	FALSE	0	53	42
SEP	24	2003	28	47	19	20	17	37	FALSE	0	53	42
SEP	20	2003	13	33	11	31	28	29	FALSE	0	53	42
SEP	17	2003	32	02	19	34	24	02	FALSE	0	53	42
SEP	13	2003	32	28	06	19	10	39	FALSE	0	53	42
SEP	10	2003	03	33	30	17	29	34	FALSE	0	53	42
SEP	06	2003	41	15	06	20	18	17	FALSE	0	53	42
SEP	03	2003	19	09	06	24	40	31	FALSE	0	53	42
AUG	30	2003	35	49	41	36	09	33	TRUE	135600000	53	42
AUG	27	2003	31	46	36	42	24	32	FALSE	0	53	42
AUG	23	2003	39	50	51	46	01	07	FALSE	0	53	42
AUG	20	2003	35	22	46	48	08	15	FALSE	0	53	42
AUG	16	2003	15	20	42	37	13	07	FALSE	0	53	42
AUG	13	2003	44	26	48	35	31	32	FALSE	0	53	42
AUG	09	2003	25	40	18	23	26	15	FALSE	0	53	42
AUG	06	2003	48	11	14	26	31	30	FALSE	0	53	42
AUG	02	2003	41	42	17	40	46	25	FALSE	0	53	42
JUL	30	2003	26	31	49	22	18	28	FALSE	0	53	42
JUL	26	2003	09	34	30	10	32	11	FALSE	0	53	42
JUL	23	2003	51	37	34	16	04	38	FALSE	0	53	42
JUL	19	2003	34	48	29	14	30	01	FALSE	0	53	42
JUL	16	2003	30	18	49	28	27	20	TRUE	13500000	53	42
JUL	12	2003	50	51	06	16	52	23	FALSE	0	53	42
JUL	09	2003	19	26	21	31	51	40	TRUE	261300000	53	42
JUL	05	2003	17	49	05	25	37	21	FALSE	0	53	42
JUL	02	2003	26	17	24	45	16	36	FALSE	0	53	42
JUN	28	2003	44	14	07	41	09	25	FALSE	0	53	42
JUN	25	2003	43	05	35	50	26	04	FALSE	0	53	42
JUN	21	2003	27	15	19	44	36	17	FALSE	0	53	42
JUN	18	2003	19	45	21	20	46	20	FALSE	0	53	42
JUN	14	2003	12	42	50	40	26	03	FALSE	0	53	42
JUN	11	2003	44	46	16	12	43	38	FALSE	0	53	42
JUN	07	2003	27	17	11	40	26	06	FALSE	0	53	42
JUN	04	2003	26	53	24	14	02	01	FALSE	0	53	42
MAY	31	2003	46	26	52	10	30	35	FALSE	0	53	42
MAY	28	2003	17	06	16	19	38	16	FALSE	0	53	42
MAY	24	2003	49	10	48	42	50	42	FALSE	0	53	42
MAY	21	2003	41	32	30	04	35	09	FALSE	0	53	42
MAY	17	2003	18	42	13	05	50	04	FALSE	0	53	42
MAY	14	2003	34	52	45	20	33	21	FALSE	0	53	42
MAY	10	2003	01	02	06	20	10	38	FALSE	0	53	42
MAY	07	2003	13	35	18	51	34	28	TRUE	88700000	53	42
MAY	03	2003	14	40	39	47	21	06	FALSE	0	53	42
APR	30	2003	32	13	17	33	07	35	FALSE	0	53	42
APR	26	2003	36	11	13	05	22	31	FALSE	0	53	42
APR	23	2003	51	14	23	15	31	34	FALSE	0	53	42
APR	19	2003	48	10	18	40	46	30	FALSE	0	53	42
APR	16	2003	39	50	41	25	04	31	FALSE	0	53	42
APR	12	2003	17	52	27	35	28	02	FALSE	0	53	42
APR	09	2003	38	51	06	28	35	41	FALSE	0	53	42
APR	05	2003	46	14	49	07	23	20	FALSE	0	53	42
APR	02	2003	47	17	50	12	35	13	FALSE	0	53	42
MAR	29	2003	25	02	17	09	36	08	FALSE	0	53	42
MAR	26	2003	52	28	10	40	31	41	TRUE	62400000	53	42
MAR	22	2003	29	05	31	49	47	25	FALSE	0	53	42
MAR	19	2003	19	37	47	51	40	40	FALSE	0	53	42
MAR	15	2003	45	52	41	30	12	35	FALSE	0	53	42
MAR	12	2003	24	44	52	25	05	20	FALSE	0	53	42
MAR	08	2003	20	45	01	21	05	24	FALSE	0	53	42
MAR	05	2003	37	28	44	02	24	06	FALSE	0	53	42
MAR	01	2003	28	07	06	27	41	03	FALSE	0	53	42
FEB	26	2003	34	27	23	31	10	11	FALSE	0	53	42
FEB	22	2003	10	02	09	06	05	26	TRUE	42000000	53	42
FEB	19	2003	16	11	44	17	06	26	FALSE	0	53	42
FEB	15	2003	29	01	42	38	26	30	FALSE	0	53	42
FEB	12	2003	49	07	12	19	47	06	FALSE	0	53	42
FEB	08	2003	21	23	13	20	02	35	FALSE	0	53	42
FEB	05	2003	02	07	48	09	05	32	FALSE	0	53	42
FEB	01	2003	11	02	39	21	16	42	TRUE	101800000	53	42
JAN	29	2003	12	53	30	27	10	28	FALSE	0	53	42
JAN	25	2003	10	15	51	12	49	21	FALSE	0	53	42
JAN	22	2003	40	30	20	28	43	03	FALSE	0	53	42
JAN	18	2003	34	04	52	48	17	10	FALSE	0	53	42
JAN	15	2003	17	42	44	30	04	15	FALSE	0	53	42
JAN	11	2003	09	46	48	45	51	02	FALSE	0	53	42
JAN	08	2003	44	16	22	46	26	20	FALSE	0	53	42
JAN	04	2003	11	39	01	40	37	23	FALSE	0	53	42
JAN	01	2003	42	43	34	53	18	17	FALSE	0	53	42
DEC	28	2002	50	02	15	38	43	29	FALSE	0	53	42
DEC	25	2002	53	14	05	16	29	07	FALSE	0	53	42
DEC	21	2002	39	34	52	05	22	30	FALSE	0	53	42
DEC	18	2002	52	50	14	33	02	22	FALSE	0	53	42
DEC	14	2002	42	44	24	17	08	37	FALSE	0	53	42
DEC	11	2002	06	14	22	12	33	21	FALSE	0	53	42
DEC	07	2002	17	27	32	03	48	01	FALSE	0	53	42
DEC	04	2002	35	13	20	21	40	35	FALSE	0	53	42
NOV	30	2002	19	01	04	21	29	08	FALSE	0	53	42
NOV	27	2002	01	25	40	53	20	19	FALSE	0	53	42
NOV	23	2002	49	21	15	19	16	05	FALSE	0	53	42
NOV	20	2002	14	22	44	21	29	03	FALSE	0	53	42
NOV	16	2002	40	51	32	33	35	01	FALSE	0	53	42
NOV	13	2002	50	18	23	38	31	20	FALSE	0	53	42
NOV	09	2002	53	38	30	40	36	08	FALSE	0	53	42
NOV	06	2002	09	19	17	12	11	23	FALSE	0	53	42
NOV	02	2002	34	35	15	32	08	34	FALSE	0	53	42
OCT	30	2002	09	23	41	19	16	12	FALSE	0	53	42
OCT	26	2002	33	14	12	39	27	41	FALSE	0	53	42
OCT	23	2002	18	30	02	14	31	36	FALSE	0	53	42
OCT	19	2002	04	42	18	25	20	29	FALSE	0	53	42
OCT	16	2002	08	31	24	37	11	41	FALSE	0	53	42
OCT	12	2002	23	49	46	52	26	28	FALSE	0	53	42
OCT	09	2002	09	38	43	10	42	05	FALSE	0	53	42
OCT	05	2002	22	14	39	43	19	12	FALSE	0	49	42
OCT	02	2002	04	05	43	02	38	34	FALSE	0	49	42
SEP	28	2002	24	22	12	35	31	08	FALSE	0	49	42
SEP	25	2002	49	36	23	12	01	09	FALSE	0	49	42
SEP	21	2002	45	11	28	40	03	33	FALSE	0	49	42
SEP	18	2002	44	42	06	27	32	10	FALSE	0	49	42
SEP	14	2002	14	05	40	26	31	29	FALSE	0	49	42
SEP	11	2002	06	03	39	26	48	28	FALSE	0	49	42
SEP	07	2002	24	12	19	34	06	18	FALSE	0	49	42
SEP	04	2002	26	15	18	36	31	20	FALSE	0	49	42
AUG	31	2002	14	22	12	29	41	41	FALSE	0	49	42
AUG	28	2002	38	36	30	24	37	42	FALSE	0	49	42
AUG	24	2002	24	18	45	05	10	20	FALSE	0	49	42
AUG	21	2002	48	01	47	06	43	36	FALSE	0	49	42
AUG	17	2002	46	33	03	42	26	41	FALSE	0	49	42
AUG	14	2002	19	04	33	16	41	29	FALSE	0	49	42
AUG	10	2002	11	16	21	35	27	31	FALSE	0	49	42
AUG	07	2002	13	40	35	47	46	35	FALSE	0	49	42
AUG	03	2002	34	24	33	13	19	41	FALSE	0	49	42
JUL	31	2002	02	04	34	22	06	26	FALSE	0	49	42
JUL	27	2002	17	05	44	22	02	30	FALSE	0	49	42
JUL	24	2002	16	19	34	37	22	20	FALSE	0	49	42
JUL	20	2002	13	03	02	26	06	10	FALSE	0	49	42
JUL	17	2002	25	10	40	11	45	25	FALSE	0	49	42
JUL	13	2002	22	49	42	03	37	08	FALSE	0	49	42
JUL	10	2002	31	43	37	45	26	32	FALSE	0	49	42
JUL	06	2002	02	39	27	09	36	13	FALSE	0	49	42
JUL	03	2002	07	19	38	48	49	10	FALSE	0	49	42
JUN	29	2002	45	04	35	33	36	22	FALSE	0	49	42
JUN	26	2002	09	24	17	23	06	14	FALSE	0	49	42
JUN	22	2002	16	37	01	48	26	09	FALSE	0	49	42
JUN	19	2002	04	07	03	11	01	23	FALSE	0	49	42
JUN	15	2002	16	42	08	07	43	15	FALSE	0	49	42
JUN	12	2002	49	39	27	13	18	20	FALSE	0	49	42
JUN	08	2002	48	46	26	42	37	38	FALSE	0	49	42
JUN	05	2002	18	01	21	36	47	33	FALSE	0	49	42
JUN	01	2002	17	27	02	06	19	02	FALSE	0	49	42
MAY	29	2002	49	28	18	35	31	13	FALSE	0	49	42
MAY	25	2002	29	09	42	33	30	27	FALSE	0	49	42
MAY	22	2002	20	05	22	34	23	19	FALSE	0	49	42
MAY	18	2002	25	02	32	31	18	01	FALSE	0	49	42
MAY	15	2002	30	33	37	36	49	35	FALSE	0	49	42
MAY	11	2002	03	36	15	16	40	22	FALSE	0	49	42
MAY	08	2002	11	06	34	25	28	35	FALSE	0	49	42
MAY	04	2002	12	06	09	20	07	20	FALSE	0	49	42
MAY	01	2002	48	03	26	32	45	06	FALSE	0	49	42
APR	27	2002	12	18	01	33	09	14	FALSE	0	49	42
APR	24	2002	13	01	16	43	33	01	FALSE	0	49	42
APR	20	2002	40	27	34	44	42	08	FALSE	0	49	42
APR	17	2002	02	23	36	03	22	22	FALSE	0	49	42
APR	13	2002	38	16	22	33	32	13	FALSE	0	49	42
APR	10	2002	29	17	12	07	48	21	FALSE	0	49	42
APR	06	2002	22	16	30	15	35	20	FALSE	0	49	42
APR	03	2002	14	36	08	29	17	03	FALSE	0	49	42
MAR	30	2002	29	13	08	16	19	37	FALSE	0	49	42
MAR	27	2002	35	43	15	40	46	33	FALSE	0	49	42
MAR	23	2002	39	02	10	48	01	13	FALSE	0	49	42
MAR	20	2002	04	20	30	49	25	37	FALSE	0	49	42
MAR	16	2002	45	16	38	37	10	14	FALSE	0	49	42
MAR	13	2002	04	28	27	49	33	39	FALSE	0	49	42
MAR	09	2002	02	49	12	38	44	19	FALSE	0	49	42
MAR	06	2002	30	38	05	15	07	02	FALSE	0	49	42
MAR	02	2002	06	25	46	22	36	34	FALSE	0	49	42
FEB	27	2002	02	06	19	45	01	27	FALSE	0	49	42
FEB	23	2002	15	21	38	19	08	33	FALSE	0	49	42
FEB	20	2002	19	08	09	25	22	11	FALSE	0	49	42
FEB	16	2002	31	42	19	45	32	06	FALSE	0	49	42
FEB	13	2002	43	33	38	10	02	19	FALSE	0	49	42
FEB	09	2002	30	35	21	17	36	12	FALSE	0	49	42
FEB	06	2002	28	10	34	24	35	32	FALSE	0	49	42
FEB	02	2002	27	45	19	43	12	28	FALSE	0	49	42
JAN	30	2002	07	21	15	09	40	18	FALSE	0	49	42
JAN	26	2002	05	14	22	30	15	31	FALSE	0	49	42
JAN	23	2002	14	47	32	18	30	36	FALSE	0	49	42
JAN	19	2002	21	35	49	41	23	05	FALSE	0	49	42
JAN	16	2002	24	34	31	47	40	30	FALSE	0	49	42
JAN	12	2002	13	41	19	22	47	05	FALSE	0	49	42
JAN	09	2002	39	07	40	42	43	04	FALSE	0	49	42
JAN	05	2002	07	08	32	17	14	15	FALSE	0	49	42
JAN	02	2002	36	46	23	44	42	33	FALSE	0	49	42
DEC	29	2001	45	10	43	27	15	31	FALSE	0	49	42
DEC	26	2001	19	39	23	41	08	21	FALSE	0	49	42
DEC	22	2001	27	33	14	24	34	06	FALSE	0	49	42
DEC	19	2001	35	43	36	20	26	23	FALSE	0	49	42
DEC	15	2001	11	22	13	08	37	17	FALSE	0	49	42
DEC	12	2001	35	43	47	20	04	27	FALSE	0	49	42
DEC	08	2001	35	17	48	31	26	35	FALSE	0	49	42
DEC	05	2001	14	09	08	13	21	37	FALSE	0	49	42
DEC	01	2001	48	46	41	06	38	37	FALSE	0	49	42
NOV	28	2001	48	24	05	15	18	16	FALSE	0	49	42
NOV	24	2001	27	37	42	12	10	30	FALSE	0	49	42
NOV	21	2001	31	28	38	41	27	13	FALSE	0	49	42
NOV	17	2001	07	35	27	01	10	34	FALSE	0	49	42
NOV	14	2001	17	28	30	04	40	03	FALSE	0	49	42
NOV	10	2001	07	13	33	38	16	13	FALSE	0	49	42
NOV	07	2001	25	04	17	02	06	31	FALSE	0	49	42
NOV	03	2001	14	37	06	49	36	20	FALSE	0	49	42
OCT	31	2001	02	18	16	40	35	41	FALSE	0	49	42
OCT	27	2001	17	28	10	01	45	20	FALSE	0	49	42
OCT	24	2001	27	06	15	42	24	32	FALSE	0	49	42
OCT	20	2001	40	16	47	07	33	33	FALSE	0	49	42
OCT	17	2001	46	07	40	05	29	05	FALSE	0	49	42
OCT	13	2001	37	40	41	46	48	20	FALSE	0	49	42
OCT	10	2001	08	16	01	07	19	37	FALSE	0	49	42
OCT	06	2001	31	21	09	05	01	12	FALSE	0	49	42
OCT	03	2001	23	35	20	02	49	25	FALSE	0	49	42
SEP	29	2001	15	02	29	47	21	12	FALSE	0	49	42
SEP	26	2001	35	18	30	26	44	19	FALSE	0	49	42
SEP	22	2001	27	42	39	34	23	40	FALSE	0	49	42
SEP	19	2001	31	28	21	41	26	29	FALSE	0	49	42
SEP	15	2001	33	43	28	49	19	23	FALSE	0	49	42
SEP	12	2001	47	25	39	13	35	01	FALSE	0	49	42
SEP	08	2001	12	28	13	48	06	26	FALSE	0	49	42
SEP	05	2001	14	42	18	33	24	08	FALSE	0	49	42
SEP	01	2001	27	07	30	44	24	29	FALSE	0	49	42
AUG	29	2001	35	09	49	04	32	28	FALSE	0	49	42
AUG	25	2001	17	08	42	22	47	21	FALSE	0	49	42
AUG	22	2001	02	36	39	30	28	10	FALSE	0	49	42
AUG	18	2001	22	14	03	20	48	17	FALSE	0	49	42
AUG	15	2001	37	40	44	29	43	06	FALSE	0	49	42
AUG	11	2001	14	41	11	25	20	08	FALSE	0	49	42
AUG	08	2001	37	25	41	10	02	02	FALSE	0	49	42
AUG	04	2001	16	26	46	24	20	09	FALSE	0	49	42
AUG	01	2001	39	26	24	34	25	31	FALSE	0	49	42
JUL	28	2001	33	36	04	23	45	29	FALSE	0	49	42
JUL	25	2001	37	16	29	39	23	17	FALSE	0	49	42
JUL	21	2001	19	27	20	15	03	20	FALSE	0	49	42
JUL	18	2001	09	04	31	26	49	02	FALSE	0	49	42
JUL	14	2001	27	15	01	13	41	02	FALSE	0	49	42
JUL	11	2001	16	24	26	10	18	13	FALSE	0	49	42
JUL	07	2001	09	34	22	46	03	17	FALSE	0	49	42
JUL	04	2001	30	25	03	28	26	10	FALSE	0	49	42
JUN	30	2001	33	03	06	34	39	15	FALSE	0	49	42
JUN	27	2001	07	13	16	03	35	22	FALSE	0	49	42
JUN	23	2001	42	38	40	06	35	36	FALSE	0	49	42
JUN	20	2001	05	09	49	18	14	32	FALSE	0	49	42
JUN	16	2001	44	17	13	02	45	14	FALSE	0	49	42
JUN	13	2001	41	09	32	36	34	14	FALSE	0	49	42
JUN	09	2001	37	23	42	43	20	27	FALSE	0	49	42
JUN	06	2001	10	40	45	20	21	22	FALSE	0	49	42
JUN	02	2001	10	45	48	26	17	38	FALSE	0	49	42
MAY	30	2001	12	36	28	43	11	09	FALSE	0	49	42
MAY	26	2001	09	10	40	24	21	36	FALSE	0	49	42
MAY	23	2001	34	21	49	32	19	38	FALSE	0	49	42
MAY	19	2001	49	47	10	06	21	02	FALSE	0	49	42
MAY	16	2001	28	20	44	13	12	17	FALSE	0	49	42
MAY	12	2001	11	36	28	16	29	21	FALSE	0	49	42
MAY	09	2001	49	22	14	19	09	34	FALSE	0	49	42
MAY	05	2001	07	20	45	09	19	05	FALSE	0	49	42
MAY	02	2001	42	02	36	19	30	19	FALSE	0	49	42
APR	28	2001	01	20	11	39	34	37	FALSE	0	49	42
APR	25	2001	39	28	14	29	26	39	FALSE	0	49	42
APR	21	2001	24	38	05	25	30	40	FALSE	0	49	42
APR	18	2001	06	18	11	20	44	39	FALSE	0	49	42
APR	14	2001	03	16	30	08	29	04	FALSE	0	49	42
APR	11	2001	21	04	41	32	39	31	FALSE	0	49	42
APR	07	2001	37	20	41	31	18	01	FALSE	0	49	42
APR	04	2001	05	43	16	12	13	11	FALSE	0	49	42
MAR	31	2001	11	39	41	27	37	42	FALSE	0	49	42
MAR	28	2001	27	43	31	12	04	20	FALSE	0	49	42
MAR	24	2001	02	28	37	40	49	22	FALSE	0	49	42
MAR	21	2001	13	18	14	20	21	16	FALSE	0	49	42
MAR	17	2001	36	16	18	15	20	18	FALSE	0	49	42
MAR	14	2001	42	22	27	49	12	34	FALSE	0	49	42
MAR	10	2001	30	19	12	26	33	11	FALSE	0	49	42
MAR	07	2001	32	09	23	45	40	31	FALSE	0	49	42
MAR	03	2001	44	36	23	09	08	15	FALSE	0	49	42
FEB	28	2001	03	47	46	09	01	22	FALSE	0	49	42
FEB	24	2001	41	30	49	34	29	37	FALSE	0	49	42
FEB	21	2001	32	04	10	39	45	25	FALSE	0	49	42
FEB	17	2001	31	39	22	41	04	06	FALSE	0	49	42
FEB	14	2001	41	29	05	42	18	16	FALSE	0	49	42
FEB	10	2001	46	16	41	38	47	25	FALSE	0	49	42
FEB	07	2001	07	06	33	31	04	20	FALSE	0	49	42
FEB	03	2001	29	27	44	21	41	09	FALSE	0	49	42
JAN	31	2001	27	15	21	47	37	16	FALSE	0	49	42
JAN	27	2001	45	19	41	32	08	37	FALSE	0	49	42
JAN	24	2001	39	49	31	34	42	26	FALSE	0	49	42
JAN	20	2001	36	25	11	01	29	40	FALSE	0	49	42
JAN	17	2001	48	16	31	09	28	36	FALSE	0	49	42
JAN	13	2001	42	19	23	14	29	26	FALSE	0	49	42
JAN	10	2001	23	22	35	06	09	06	FALSE	0	49	42
JAN	06	2001	22	43	01	24	39	26	FALSE	0	49	42
JAN	03	2001	29	09	49	19	38	20	FALSE	0	49	42
DEC	30	2000	46	38	29	23	26	35	FALSE	0	49	42
DEC	27	2000	24	15	32	22	39	18	FALSE	0	49	42
DEC	23	2000	27	06	11	15	22	27	FALSE	0	49	42
DEC	20	2000	04	31	34	07	41	28	FALSE	0	49	42
DEC	16	2000	26	34	02	33	39	23	FALSE	0	49	42
DEC	13	2000	06	19	38	10	43	41	FALSE	0	49	42
DEC	09	2000	14	41	10	08	42	20	FALSE	0	49	42
DEC	06	2000	20	15	45	07	23	17	FALSE	0	49	42
DEC	02	2000	22	14	38	41	11	39	FALSE	0	49	42
NOV	29	2000	29	01	20	27	04	17	FALSE	0	49	42
NOV	25	2000	37	02	39	38	42	22	FALSE	0	49	42
NOV	22	2000	44	18	05	40	47	34	FALSE	0	49	42
NOV	18	2000	27	31	41	03	32	33	FALSE	0	49	42
NOV	15	2000	26	12	46	32	41	18	FALSE	0	49	42
NOV	11	2000	21	38	12	04	46	37	FALSE	0	49	42
NOV	08	2000	37	49	17	45	13	04	FALSE	0	49	42
NOV	04	2000	34	05	22	42	09	02	FALSE	0	49	42
NOV	01	2000	10	29	14	04	39	10	FALSE	0	49	42
OCT	28	2000	37	32	06	11	47	13	FALSE	0	49	42
OCT	25	2000	45	05	46	03	20	37	FALSE	0	49	42
OCT	21	2000	24	45	13	19	44	16	FALSE	0	49	42
OCT	18	2000	17	42	21	43	28	25	FALSE	0	49	42
OCT	14	2000	16	22	18	41	14	37	FALSE	0	49	42
OCT	11	2000	32	44	45	26	41	35	FALSE	0	49	42
OCT	07	2000	04	07	39	34	27	01	FALSE	0	49	42
OCT	04	2000	24	16	48	34	03	03	FALSE	0	49	42
SEP	30	2000	24	19	32	44	43	39	FALSE	0	49	42
SEP	27	2000	24	47	44	32	42	15	FALSE	0	49	42
SEP	23	2000	35	01	17	36	27	31	FALSE	0	49	42
SEP	20	2000	17	45	23	33	21	11	FALSE	0	49	42
SEP	16	2000	19	47	01	40	49	14	FALSE	0	49	42
SEP	13	2000	21	02	22	47	13	31	FALSE	0	49	42
SEP	09	2000	18	42	14	29	20	02	FALSE	0	49	42
SEP	06	2000	28	06	04	12	42	06	FALSE	0	49	42
SEP	02	2000	05	26	22	14	20	35	FALSE	0	49	42
AUG	30	2000	25	29	36	46	04	08	FALSE	0	49	42
AUG	26	2000	40	43	27	22	16	05	FALSE	0	49	42
AUG	23	2000	43	28	47	20	40	31	FALSE	0	49	42
AUG	19	2000	17	36	23	10	13	23	FALSE	0	49	42
AUG	16	2000	44	16	15	47	27	14	FALSE	0	49	42
AUG	12	2000	46	47	31	06	38	21	FALSE	0	49	42
AUG	09	2000	18	28	19	11	17	34	FALSE	0	49	42
AUG	05	2000	32	38	28	13	33	14	FALSE	0	49	42
AUG	02	2000	12	42	49	33	27	31	FALSE	0	49	42
JUL	29	2000	38	24	26	11	41	07	FALSE	0	49	42
JUL	26	2000	03	37	20	22	44	36	FALSE	0	49	42
JUL	22	2000	12	02	33	15	41	33	FALSE	0	49	42
JUL	19	2000	36	05	08	18	38	40	FALSE	0	49	42
JUL	15	2000	21	05	08	49	46	34	FALSE	0	49	42
JUL	12	2000	09	10	48	06	26	10	FALSE	0	49	42
JUL	08	2000	10	02	39	34	07	12	FALSE	0	49	42
JUL	05	2000	32	18	10	14	33	02	FALSE	0	49	42
JUL	01	2000	42	14	22	13	32	26	FALSE	0	49	42
JUN	28	2000	27	24	30	13	45	18	FALSE	0	49	42
JUN	24	2000	49	13	26	27	02	04	FALSE	0	49	42
JUN	21	2000	43	01	28	27	24	25	FALSE	0	49	42
JUN	17	2000	25	15	47	44	06	07	FALSE	0	49	42
JUN	14	2000	23	21	42	32	34	05	FALSE	0	49	42
JUN	10	2000	47	02	32	40	16	15	FALSE	0	49	42
JUN	07	2000	46	45	19	39	49	17	FALSE	0	49	42
JUN	03	2000	31	37	13	14	15	10	FALSE	0	49	42
MAY	31	2000	22	15	42	43	16	11	FALSE	0	49	42
MAY	27	2000	30	29	02	44	22	36	FALSE	0	49	42
MAY	24	2000	07	47	19	43	46	04	FALSE	0	49	42
MAY	20	2000	40	05	48	17	44	26	FALSE	0	49	42
MAY	17	2000	17	20	49	16	28	34	FALSE	0	49	42
MAY	13	2000	38	01	42	27	03	24	FALSE	0	49	42
MAY	10	2000	31	47	20	18	08	11	FALSE	0	49	42
MAY	06	2000	39	04	27	29	41	16	FALSE	0	49	42
MAY	03	2000	05	48	41	34	13	07	FALSE	0	49	42
APR	29	2000	12	14	35	26	36	37	FALSE	0	49	42
APR	26	2000	37	24	10	05	17	15	FALSE	0	49	42
APR	22	2000	48	03	09	05	42	35	FALSE	0	49	42
APR	19	2000	08	20	49	09	03	22	FALSE	0	49	42
APR	15	2000	28	26	48	40	15	09	FALSE	0	49	42
APR	12	2000	31	20	04	25	06	06	FALSE	0	49	42
APR	08	2000	33	04	48	12	09	18	FALSE	0	49	42
APR	05	2000	06	11	18	08	39	40	FALSE	0	49	42
APR	01	2000	04	03	29	38	13	21	FALSE	0	49	42
MAR	29	2000	40	12	32	37	49	37	FALSE	0	49	42
MAR	25	2000	06	48	43	30	45	32	FALSE	0	49	42
MAR	22	2000	41	03	12	46	30	32	FALSE	0	49	42
MAR	18	2000	30	43	46	12	39	10	FALSE	0	49	42
MAR	15	2000	19	44	15	38	14	20	FALSE	0	49	42
MAR	11	2000	23	11	31	02	28	39	FALSE	0	49	42
MAR	08	2000	36	17	14	11	25	38	FALSE	0	49	42
MAR	04	2000	06	43	08	48	03	01	FALSE	0	49	42
MAR	01	2000	22	30	38	21	29	39	FALSE	0	49	42
FEB	26	2000	49	09	07	23	37	07	FALSE	0	49	42
FEB	23	2000	32	12	20	16	26	35	FALSE	0	49	42
FEB	19	2000	45	24	14	23	48	21	FALSE	0	49	42
FEB	16	2000	31	10	12	09	41	37	FALSE	0	49	42
FEB	12	2000	45	37	44	21	24	24	FALSE	0	49	42
FEB	09	2000	40	36	49	05	29	30	FALSE	0	49	42
FEB	05	2000	44	11	41	34	06	20	FALSE	0	49	42
FEB	02	2000	16	06	10	12	29	33	FALSE	0	49	42
JAN	29	2000	28	08	32	06	47	26	FALSE	0	49	42
JAN	26	2000	46	43	18	25	30	18	FALSE	0	49	42
JAN	22	2000	41	32	04	34	16	25	FALSE	0	49	42
JAN	19	2000	12	37	31	35	44	34	FALSE	0	49	42
JAN	15	2000	40	01	06	21	33	28	FALSE	0	49	42
JAN	12	2000	32	09	44	38	41	27	FALSE	0	49	42
JAN	08	2000	28	07	35	40	48	14	FALSE	0	49	42
JAN	05	2000	15	05	16	28	32	39	FALSE	0	49	42
JAN	01	2000	36	13	23	09	45	39	FALSE	0	49	42
DEC	29	1999	43	11	16	03	14	10	FALSE	0	49	42
DEC	25	1999	19	39	29	06	44	28	FALSE	0	49	42
DEC	22	1999	43	23	42	13	11	18	FALSE	0	49	42
DEC	18	1999	43	03	02	25	15	25	FALSE	0	49	42
DEC	15	1999	35	33	47	19	32	26	FALSE	0	49	42
DEC	11	1999	47	10	06	31	48	29	FALSE	0	49	42
DEC	08	1999	34	13	44	40	47	24	FALSE	0	49	42
DEC	04	1999	38	25	36	22	05	37	FALSE	0	49	42
DEC	01	1999	32	14	47	20	03	02	FALSE	0	49	42
NOV	27	1999	16	24	38	28	03	28	FALSE	0	49	42
NOV	24	1999	43	02	15	04	37	40	FALSE	0	49	42
NOV	20	1999	05	06	18	44	42	03	FALSE	0	49	42
NOV	17	1999	27	20	11	48	43	12	FALSE	0	49	42
NOV	13	1999	26	13	32	16	34	24	FALSE	0	49	42
NOV	10	1999	43	40	19	13	31	36	FALSE	0	49	42
NOV	06	1999	08	05	12	40	25	28	FALSE	0	49	42
NOV	03	1999	07	03	08	01	26	07	FALSE	0	49	42
OCT	30	1999	26	41	33	37	10	21	FALSE	0	49	42
OCT	27	1999	31	24	20	39	17	21	FALSE	0	49	42
OCT	23	1999	32	15	12	37	27	11	FALSE	0	49	42
OCT	20	1999	02	20	19	29	16	13	FALSE	0	49	42
OCT	16	1999	05	40	18	22	12	21	FALSE	0	49	42
OCT	13	1999	23	15	44	38	43	38	FALSE	0	49	42
OCT	09	1999	20	08	43	39	27	01	FALSE	0	49	42
OCT	06	1999	07	06	38	42	15	42	FALSE	0	49	42
OCT	02	1999	48	35	15	12	25	30	FALSE	0	49	42
SEP	29	1999	29	46	11	41	22	42	FALSE	0	49	42
SEP	25	1999	33	41	36	32	15	07	FALSE	0	49	42
SEP	22	1999	08	33	38	35	47	08	FALSE	0	49	42
SEP	18	1999	02	46	26	34	08	30	FALSE	0	49	42
SEP	15	1999	37	12	01	42	48	31	FALSE	0	49	42
SEP	11	1999	37	04	32	42	33	25	FALSE	0	49	42
SEP	08	1999	08	43	22	39	15	22	FALSE	0	49	42
SEP	04	1999	23	22	34	26	14	29	FALSE	0	49	42
SEP	01	1999	09	37	39	36	32	14	FALSE	0	49	42
AUG	28	1999	38	39	25	14	18	07	FALSE	0	49	42
AUG	25	1999	45	11	13	21	34	30	FALSE	0	49	42
AUG	21	1999	17	45	28	42	02	20	FALSE	0	49	42
AUG	18	1999	08	05	26	41	09	19	FALSE	0	49	42
AUG	14	1999	06	39	05	45	01	14	FALSE	0	49	42
AUG	11	1999	05	07	43	12	10	07	FALSE	0	49	42
AUG	07	1999	42	49	45	01	44	01	FALSE	0	49	42
AUG	04	1999	24	33	35	04	18	34	FALSE	0	49	42
JUL	31	1999	45	18	43	46	26	29	FALSE	0	49	42
JUL	28	1999	22	25	31	23	32	25	FALSE	0	49	42
JUL	24	1999	04	23	45	47	33	33	FALSE	0	49	42
JUL	21	1999	26	13	31	04	29	03	FALSE	0	49	42
JUL	17	1999	37	40	36	30	48	28	FALSE	0	49	42
JUL	14	1999	25	32	06	29	01	09	FALSE	0	49	42
JUL	10	1999	35	17	07	44	37	30	FALSE	0	49	42
JUL	07	1999	41	03	06	37	17	08	FALSE	0	49	42
JUL	03	1999	01	07	08	37	21	02	FALSE	0	49	42
JUN	30	1999	05	20	40	10	12	03	FALSE	0	49	42
JUN	26	1999	22	15	38	47	08	26	FALSE	0	49	42
JUN	23	1999	15	12	23	17	49	07	FALSE	0	49	42
JUN	19	1999	46	02	23	38	27	26	FALSE	0	49	42
JUN	16	1999	02	04	38	14	08	01	FALSE	0	49	42
JUN	12	1999	28	26	35	45	17	20	FALSE	0	49	42
JUN	09	1999	32	35	07	48	38	17	FALSE	0	49	42
JUN	05	1999	49	08	37	02	16	11	FALSE	0	49	42
JUN	02	1999	48	24	04	20	46	32	FALSE	0	49	42
MAY	29	1999	43	36	35	05	45	19	FALSE	0	49	42
MAY	26	1999	36	26	34	29	37	24	FALSE	0	49	42
MAY	22	1999	36	18	06	43	15	11	FALSE	0	49	42
MAY	19	1999	24	35	04	41	09	31	FALSE	0	49	42
MAY	15	1999	04	38	24	27	30	14	FALSE	0	49	42
MAY	12	1999	05	12	40	38	04	28	FALSE	0	49	42
MAY	08	1999	25	47	34	28	30	14	FALSE	0	49	42
MAY	05	1999	07	40	09	31	26	24	FALSE	0	49	42
MAY	01	1999	20	09	27	07	26	18	FALSE	0	49	42
APR	28	1999	42	05	12	18	07	14	FALSE	0	49	42
APR	24	1999	03	48	45	01	35	18	FALSE	0	49	42
APR	21	1999	03	11	45	41	32	29	FALSE	0	49	42
APR	17	1999	18	40	25	43	15	37	FALSE	0	49	42
APR	14	1999	25	10	40	19	12	33	FALSE	0	49	42
APR	10	1999	03	34	45	42	24	01	FALSE	0	49	42
APR	07	1999	26	05	37	39	31	42	FALSE	0	49	42
APR	03	1999	01	04	10	17	30	06	FALSE	0	49	42
MAR	31	1999	16	03	15	39	28	01	FALSE	0	49	42
MAR	27	1999	12	45	13	05	48	35	FALSE	0	49	42
MAR	24	1999	19	20	27	07	26	12	FALSE	0	49	42
MAR	20	1999	20	41	04	40	22	07	FALSE	0	49	42
MAR	17	1999	09	15	31	40	37	09	FALSE	0	49	42
MAR	13	1999	11	49	08	42	44	39	FALSE	0	49	42
MAR	10	1999	34	26	49	14	01	15	FALSE	0	49	42
MAR	06	1999	25	42	19	13	20	13	FALSE	0	49	42
MAR	03	1999	01	44	42	12	08	13	FALSE	0	49	42
FEB	27	1999	30	13	46	20	32	36	FALSE	0	49	42
FEB	24	1999	46	15	40	29	08	23	FALSE	0	49	42
FEB	20	1999	16	39	24	06	15	12	FALSE	0	49	42
FEB	17	1999	36	25	21	22	10	39	FALSE	0	49	42
FEB	13	1999	18	04	35	27	09	11	FALSE	0	49	42
FEB	10	1999	31	42	10	27	20	26	FALSE	0	49	42
FEB	06	1999	25	48	39	15	32	32	FALSE	0	49	42
FEB	03	1999	39	42	26	20	30	32	FALSE	0	49	42
JAN	30	1999	19	40	25	24	45	05	FALSE	0	49	42
JAN	27	1999	20	23	04	44	02	22	FALSE	0	49	42
JAN	23	1999	03	49	30	19	26	31	FALSE	0	49	42
JAN	20	1999	12	02	40	19	48	27	FALSE	0	49	42
JAN	16	1999	02	40	28	15	20	15	FALSE	0	49	42
JAN	13	1999	31	15	33	47	43	06	FALSE	0	49	42
JAN	09	1999	27	05	10	11	32	13	FALSE	0	49	42
JAN	06	1999	16	44	02	09	13	36	FALSE	0	49	42
JAN	02	1999	23	26	39	04	17	27	FALSE	0	49	42
DEC	30	1998	38	34	46	20	10	03	FALSE	0	49	42
DEC	26	1998	17	27	29	07	41	33	FALSE	0	49	42
DEC	23	1998	45	29	31	39	46	33	FALSE	0	49	42
DEC	19	1998	05	15	45	17	03	06	FALSE	0	49	42
DEC	16	1998	03	32	19	27	08	38	FALSE	0	49	42
DEC	12	1998	29	40	16	12	26	32	FALSE	0	49	42
DEC	09	1998	40	12	43	48	33	16	FALSE	0	49	42
DEC	05	1998	31	19	09	27	20	39	FALSE	0	49	42
DEC	02	1998	45	29	36	04	22	30	FALSE	0	49	42
NOV	28	1998	11	04	43	06	02	09	FALSE	0	49	42
NOV	25	1998	06	33	48	13	10	09	FALSE	0	49	42
NOV	21	1998	15	14	21	01	35	10	FALSE	0	49	42
NOV	18	1998	21	25	33	39	46	18	FALSE	0	49	42
NOV	14	1998	41	35	10	16	03	38	FALSE	0	49	42
NOV	11	1998	48	36	14	25	10	02	FALSE	0	49	42
NOV	07	1998	05	33	10	13	30	28	FALSE	0	49	42
NOV	04	1998	17	02	36	08	30	22	FALSE	0	49	42
OCT	31	1998	17	42	33	37	34	08	FALSE	0	49	42
OCT	28	1998	44	24	35	09	08	42	FALSE	0	49	42
OCT	24	1998	12	25	17	10	40	20	FALSE	0	49	42
OCT	21	1998	24	27	22	44	39	25	FALSE	0	49	42
OCT	17	1998	44	48	47	32	28	27	FALSE	0	49	42
OCT	14	1998	26	14	18	32	15	06	FALSE	0	49	42
OCT	10	1998	01	19	08	28	45	25	FALSE	0	49	42
OCT	07	1998	15	08	26	09	06	07	FALSE	0	49	42
OCT	03	1998	05	25	32	14	22	04	FALSE	0	49	42
SEP	30	1998	02	08	03	12	36	24	FALSE	0	49	42
SEP	26	1998	25	24	05	03	02	08	FALSE	0	49	42
SEP	23	1998	01	21	42	22	05	18	FALSE	0	49	42
SEP	19	1998	41	35	19	37	01	11	FALSE	0	49	42
SEP	16	1998	40	35	06	24	42	02	FALSE	0	49	42
SEP	12	1998	19	28	33	16	35	16	FALSE	0	49	42
SEP	09	1998	42	46	12	04	19	09	FALSE	0	49	42
SEP	05	1998	26	49	10	16	08	40	FALSE	0	49	42
SEP	02	1998	28	29	44	40	21	08	FALSE	0	49	42
AUG	29	1998	13	18	14	29	31	23	FALSE	0	49	42
AUG	26	1998	06	32	46	23	42	08	FALSE	0	49	42
AUG	22	1998	21	22	11	07	49	19	FALSE	0	49	42
AUG	19	1998	08	23	43	15	46	29	FALSE	0	49	42
AUG	15	1998	37	12	49	27	30	20	FALSE	0	49	42
AUG	12	1998	10	42	33	02	45	02	FALSE	0	49	42
AUG	08	1998	45	42	05	09	33	28	FALSE	0	49	42
AUG	05	1998	42	35	19	12	03	21	FALSE	0	49	42
AUG	01	1998	04	25	20	44	01	05	FALSE	0	49	42
JUL	29	1998	39	08	43	45	49	13	FALSE	0	49	42
JUL	25	1998	23	14	03	21	17	16	FALSE	0	49	42
JUL	22	1998	30	49	01	23	22	33	FALSE	0	49	42
JUL	18	1998	10	40	14	08	33	31	FALSE	0	49	42
JUL	15	1998	16	21	36	23	11	37	FALSE	0	49	42
JUL	11	1998	10	12	01	06	38	17	FALSE	0	49	42
JUL	08	1998	19	05	16	34	29	24	FALSE	0	49	42
JUL	04	1998	39	25	38	15	30	42	FALSE	0	49	42
JUL	01	1998	03	17	29	35	47	34	FALSE	0	49	42
JUN	27	1998	07	10	31	30	36	37	FALSE	0	49	42
JUN	24	1998	27	18	16	30	13	23	FALSE	0	49	42
JUN	20	1998	49	27	26	31	09	04	FALSE	0	49	42
JUN	17	1998	36	35	07	37	14	10	FALSE	0	49	42
JUN	13	1998	21	23	06	08	03	11	FALSE	0	49	42
JUN	10	1998	12	36	38	19	04	06	FALSE	0	49	42
JUN	06	1998	24	42	26	16	28	24	FALSE	0	49	42
JUN	03	1998	31	22	25	41	35	38	FALSE	0	49	42
MAY	30	1998	03	45	29	24	14	24	FALSE	0	49	42
MAY	27	1998	46	27	15	33	02	27	FALSE	0	49	42
MAY	23	1998	15	16	35	46	01	35	FALSE	0	49	42
MAY	20	1998	09	30	48	34	04	08	FALSE	0	49	42
MAY	16	1998	22	01	41	28	23	18	FALSE	0	49	42
MAY	13	1998	02	36	13	30	18	26	FALSE	0	49	42
MAY	09	1998	08	49	34	29	26	28	FALSE	0	49	42
MAY	06	1998	20	47	45	44	11	05	FALSE	0	49	42
MAY	02	1998	49	03	37	19	14	04	FALSE	0	49	42
APR	29	1998	25	46	08	47	30	31	FALSE	0	49	42
APR	25	1998	35	05	38	07	20	19	FALSE	0	49	42
APR	22	1998	13	04	49	29	31	04	FALSE	0	49	42
APR	18	1998	22	24	45	19	30	21	FALSE	0	49	42
APR	15	1998	41	25	08	24	39	21	FALSE	0	49	42
APR	11	1998	49	48	05	36	15	11	FALSE	0	49	42
APR	08	1998	03	24	30	49	10	35	FALSE	0	49	42
APR	04	1998	08	03	23	46	43	13	FALSE	0	49	42
APR	01	1998	47	33	11	34	12	39	FALSE	0	49	42
MAR	28	1998	27	44	33	38	30	15	FALSE	0	49	42
MAR	25	1998	42	44	35	23	05	29	FALSE	0	49	42
MAR	21	1998	38	34	04	35	47	16	FALSE	0	49	42
MAR	18	1998	04	41	39	02	33	26	FALSE	0	49	42
MAR	14	1998	15	47	35	34	42	15	FALSE	0	49	42
MAR	11	1998	02	17	36	24	05	20	FALSE	0	49	42
MAR	07	1998	32	36	42	30	21	33	FALSE	0	49	42
MAR	04	1998	39	30	19	03	33	09	FALSE	0	49	42
FEB	28	1998	49	26	04	45	41	06	FALSE	0	49	42
FEB	25	1998	30	43	02	20	46	19	FALSE	0	49	42
FEB	21	1998	22	47	29	39	09	25	FALSE	0	49	42
FEB	18	1998	01	33	28	29	21	15	FALSE	0	49	42
FEB	14	1998	41	23	05	39	07	06	FALSE	0	49	42
FEB	11	1998	37	34	33	25	35	35	FALSE	0	49	42
FEB	07	1998	40	12	15	05	27	14	FALSE	0	49	42
FEB	04	1998	30	25	12	08	21	20	FALSE	0	49	42
JAN	31	1998	13	36	48	07	11	18	FALSE	0	49	42
JAN	28	1998	23	48	36	15	31	12	FALSE	0	49	42
JAN	24	1998	07	23	15	28	36	10	FALSE	0	49	42
JAN	21	1998	31	32	23	01	26	33	FALSE	0	49	42
JAN	17	1998	28	09	49	38	29	06	FALSE	0	49	42
JAN	14	1998	16	09	06	28	38	13	FALSE	0	49	42
JAN	10	1998	17	09	07	44	20	25	FALSE	0	49	42
JAN	07	1998	18	04	30	37	03	23	FALSE	0	49	42
JAN	03	1998	04	09	27	07	32	06	FALSE	0	49	42
DEC	31	1997	27	14	06	04	05	06	FALSE	0	49	42
DEC	27	1997	14	48	15	36	09	17	FALSE	0	49	42
DEC	24	1997	28	16	35	34	03	14	FALSE	0	49	42
DEC	20	1997	23	11	12	17	10	07	FALSE	0	49	42
DEC	17	1997	03	05	45	18	13	20	FALSE	0	49	42
DEC	13	1997	44	41	46	35	05	27	FALSE	0	49	42
DEC	10	1997	18	21	28	41	04	03	FALSE	0	49	42
DEC	06	1997	15	26	28	08	43	36	FALSE	0	49	42
DEC	03	1997	18	09	14	47	42	32	FALSE	0	49	42
NOV	29	1997	11	27	13	02	31	23	FALSE	0	49	42
NOV	26	1997	15	46	34	23	40	35	FALSE	0	49	42
NOV	22	1997	22	31	03	07	14	02	FALSE	0	49	42
NOV	19	1997	19	10	48	03	21	22	FALSE	0	49	42
NOV	15	1997	32	07	45	21	26	08	FALSE	0	49	42
NOV	12	1997	41	14	13	29	16	01	FALSE	0	49	42
NOV	08	1997	40	17	21	07	49	37	FALSE	0	49	42
NOV	05	1997	02	19	35	24	28	26	FALSE	0	49	42
NOV	01	1997	37	28	33	22	25	20	FALSE	0	49	42
